# E3 E(B-V)=0.30, (m-M)_0 = 15.47
# Reason Note: 0 -> Bad Photometry | 1 -> DBSCAN | 2 ->Tidal Radius | 3-> Parallax
# File Created: 04/17/2024 (MM/DD/YYYY)
# 	RA		Dec		(B-V)_0	M_u	M_B	M_V	u	B	V	I	Reason
1	09 23 03.308	-77 20 06.06	0.81	83.64	2.22	1.41	99.9999	18.2128	17.1644	99.9999	3
2	09 23 00.682	-77 20 40.26	0.95	2.94	1.55	0.59	19.2919	17.5307	16.3471	15.0485	1
3	09 23 00.360	-77 23 05.36	0.57	2.66	1.90	1.33	19.0187	17.9208	17.0959	16.0497	1
4	09 22 59.266	-77 18 04.27	84.84	84.23	91.00	6.16	99.9999	99.9999	19.4223	18.1739	0
6	09 22 58.826	-77 17 42.92	0.86	83.64	3.39	2.54	99.9999	19.3881	18.2914	16.7946	3
7	09 22 58.342	-77 15 20.18	85.04	84.23	91.02	5.98	99.9999	99.9999	19.2383	17.6130	0
8	09 22 57.955	-77 16 54.97	84.72	84.23	90.99	6.27	99.9999	99.9999	19.5373	17.0574	0
9	09 22 58.240	-77 20 51.22	0.76	1.52	0.71	-0.06	17.8810	16.7091	15.7026	14.5499	3
10	09 22 56.849	-77 12 08.80	0.96	2.75	1.42	0.46	19.1100	17.4040	16.2133	14.8621	3
12	09 22 57.677	-77 24 13.67	85.47	84.23	91.05	5.59	99.9999	99.9999	18.8323	17.8233	0
13	09 22 56.967	-77 20 17.46	85.77	84.23	91.08	5.30	99.9999	99.9999	18.5413	17.2573	0
14	09 22 56.163	-77 16 26.37	85.82	84.23	91.08	5.26	99.9999	99.9999	18.4943	17.1826	0
15	09 22 56.819	-77 24 07.10	0.61	83.64	3.81	3.20	99.9999	19.8211	18.9587	17.9661	0
16	09 22 55.147	-77 14 25.20	85.30	84.23	91.04	5.74	99.9999	99.9999	18.9923	17.9368	0
17	09 22 53.406	-77 21 19.96	85.42	84.23	91.05	5.63	99.9999	99.9999	18.8723	16.9028	0
18	09 22 52.692	-77 17 07.94	0.79	2.34	1.40	0.62	18.6970	17.4039	16.3750	15.1477	3
19	09 22 51.990	-77 15 37.74	85.26	84.23	91.04	5.78	99.9999	99.9999	19.0303	17.7394	0
20	09 22 51.744	-77 20 48.75	85.10	84.23	91.02	5.92	99.9999	99.9999	19.1763	17.3542	0
21	09 22 49.938	-77 16 28.86	1.14	2.16	0.55	-0.59	18.5194	16.5231	15.1597	13.6775	3
22	09 22 50.138	-77 19 29.24	85.38	84.23	91.05	5.66	99.9999	99.9999	18.9113	17.7312	0
23	09 22 50.085	-77 24 43.50	0.31	83.64	3.55	3.24	99.9999	19.5893	19.0137	17.7442	0
25	09 22 47.827	-77 14 01.79	85.72	84.23	91.07	5.36	99.9999	99.9999	18.5943	17.4241	0
26	09 22 48.153	-77 22 33.59	85.85	84.23	91.08	5.24	99.9999	99.9999	18.4703	17.3426	0
28	09 22 46.994	-77 21 03.48	85.47	84.23	91.05	5.58	99.9999	99.9999	18.8293	16.8133	0
29	09 22 45.767	-77 12 35.82	85.51	84.23	91.06	5.55	99.9999	99.9999	18.7913	17.5380	0
30	09 22 45.335	-77 16 34.28	0.46	-1.57	-2.22	-2.68	14.7843	13.8070	13.0858	12.1693	1
31	09 22 44.144	-77 12 57.87	0.62	1.28	0.51	-0.11	17.6333	16.5251	15.6529	14.5533	1
33	09 22 44.156	-77 16 32.53	0.80	83.64	1.84	1.04	99.9999	17.8339	16.7962	15.5568	3
34	09 22 44.158	-77 20 03.50	0.72	3.66	2.56	1.84	20.0151	18.5638	17.5968	16.4459	0
35	09 22 42.879	-77 16 47.63	85.26	84.23	91.04	5.78	99.9999	99.9999	19.0313	17.9926	0
37	09 22 43.221	-77 24 26.11	0.59	1.05	0.31	-0.28	17.4066	16.3242	15.4833	14.4555	1
38	09 22 42.316	-77 15 58.63	0.46	-2.25	-2.99	-3.45	14.1128	13.0374	12.3208	11.4182	3
39	09 22 42.178	-77 14 25.56	84.74	84.23	90.99	6.25	99.9999	99.9999	19.5163	18.2046	0
41	09 22 39.957	-77 13 42.53	85.52	84.23	91.06	5.54	99.9999	99.9999	18.7853	17.7595	0
42	09 22 39.550	-77 11 49.08	85.56	84.23	91.06	5.50	99.9999	99.9999	18.7443	17.6542	0
43	09 22 40.024	-77 22 21.50	85.61	84.23	91.06	5.46	99.9999	99.9999	18.6983	16.9969	0
44	09 22 39.234	-77 19 02.86	0.72	2.75	1.92	1.20	19.1029	17.9240	16.9588	15.8741	1
45	09 22 38.788	-77 15 59.76	0.68	2.22	1.40	0.72	18.5818	17.4079	16.4830	15.4199	3
47	09 22 38.377	-77 20 18.32	85.44	84.23	91.05	5.61	99.9999	99.9999	18.8573	16.9481	0
48	09 22 37.449	-77 15 50.14	85.00	84.23	91.01	6.02	99.9999	99.9999	19.2773	17.8855	0
49	09 22 37.678	-77 23 34.21	85.44	84.23	91.05	5.61	99.9999	99.9999	18.8583	17.9987	0
51	09 22 36.525	-77 15 40.09	0.75	83.64	3.61	2.85	99.9999	19.6108	18.6134	17.2957	1
52	09 22 36.863	-77 21 45.40	0.85	83.64	3.51	2.66	99.9999	19.5066	18.4153	16.9315	3
53	09 22 35.393	-77 12 07.92	85.39	84.23	91.05	5.66	99.9999	99.9999	18.9053	17.6253	0
54	09 22 35.180	-77 23 19.23	0.84	1.63	0.52	-0.31	17.9892	16.5175	15.4429	14.1534	1
57	09 22 33.405	-77 17 08.34	0.79	2.09	1.01	0.22	18.4508	17.0123	15.9771	14.8091	1
58	09 22 33.583	-77 22 04.87	0.77	2.80	1.89	1.13	19.1557	17.8956	16.8837	15.8377	3
59	09 22 32.633	-77 11 23.02	0.90	83.64	2.80	1.90	99.9999	18.7928	17.6533	16.4455	3
60	09 22 33.313	-77 24 18.61	1.11	83.65	0.30	-0.81	99.9999	16.2728	14.9402	13.4812	3
61	09 22 33.258	-77 23 31.26	0.60	-0.09	-0.83	-1.42	16.2643	15.1856	14.3384	13.3214	1
62	09 22 32.828	-77 18 50.53	84.71	84.23	90.99	6.28	99.9999	99.9999	19.5483	18.5077	0
64	09 22 32.433	-77 19 42.83	85.75	84.23	91.08	5.32	99.9999	99.9999	18.5623	17.3199	0
67	09 22 31.366	-77 22 31.80	0.81	-0.04	-1.18	-1.99	16.3129	14.8218	13.7714	12.5823	1
68	09 22 31.101	-77 24 27.93	85.62	84.23	91.07	5.45	99.9999	99.9999	18.6913	16.5774	0
69	09 22 30.678	-77 23 29.19	0.43	83.64	3.07	2.64	99.9999	19.0966	18.4099	17.1877	3
70	09 22 30.208	-77 16 44.10	85.39	84.23	91.05	5.65	99.9999	99.9999	18.9013	17.2642	0
71	09 22 29.987	-77 21 07.45	0.81	3.10	1.86	1.05	19.4600	17.8587	16.8075	15.5995	3
72	09 22 29.552	-77 14 22.39	0.71	83.64	2.35	1.64	99.9999	18.3547	17.3966	16.2399	1
73	09 22 29.017	-77 19 19.09	0.75	1.41	0.40	-0.35	17.7668	16.4060	15.4084	14.3093	3
74	09 22 28.669	-77 14 30.26	0.52	1.94	1.29	0.77	18.2967	17.3142	16.5340	15.5510	3
75	09 22 28.312	-77 19 06.30	85.87	84.23	91.09	5.22	99.9999	99.9999	18.4513	17.3879	0
76	09 22 27.163	-77 12 02.74	0.47	-0.94	-1.73	-2.20	15.4178	14.2956	13.5699	12.6474	3
77	09 22 26.914	-77 18 44.69	0.71	83.64	2.77	2.06	99.9999	18.7760	17.8206	16.6788	3
79	09 22 26.541	-77 24 45.98	0.58	83.64	1.82	1.23	99.9999	17.8356	16.9982	16.0358	3
80	09 22 25.562	-77 17 12.45	84.97	84.23	91.01	6.04	99.9999	99.9999	19.3003	18.3398	0
81	09 22 25.241	-77 12 27.08	85.57	84.23	91.06	5.49	99.9999	99.9999	18.7363	17.5146	0
82	09 22 25.438	-77 16 14.71	85.31	84.23	91.04	5.73	99.9999	99.9999	18.9793	17.4975	0
83	09 22 23.863	-77 13 28.44	0.77	83.64	3.75	2.99	99.9999	19.7538	18.7456	17.2111	0
84	09 22 24.249	-77 21 56.24	0.92	83.64	2.82	1.90	99.9999	18.8033	17.6486	16.5384	0
85	09 22 24.058	-77 22 08.12	84.96	84.23	91.01	6.05	99.9999	99.9999	19.3133	17.6692	0
86	09 22 23.487	-77 11 49.06	84.80	84.23	91.00	6.20	99.9999	99.9999	19.4633	18.2782	0
87	09 22 23.580	-77 15 11.29	0.98	83.64	3.37	2.39	99.9999	19.3531	18.1447	16.7347	3
88	09 22 22.907	-77 18 48.58	1.03	83.64	3.56	2.53	99.9999	19.5401	18.2817	16.9597	3
89	09 22 22.423	-77 17 10.14	0.55	1.99	1.22	0.66	18.3478	17.2345	16.4266	15.4430	1
90	09 22 20.972	-77 20 01.76	0.59	2.86	2.26	1.67	19.2230	18.2779	17.4333	16.3857	1
92	09 22 19.644	-77 12 35.45	0.81	2.53	1.57	0.76	18.8870	17.5647	16.5135	15.3381	3
94	09 22 19.099	-77 16 10.60	85.44	84.23	91.05	5.61	99.9999	99.9999	18.8583	17.7029	0
95	09 22 19.057	-77 22 02.89	0.46	-2.56	-3.28	-3.74	13.7950	12.7463	12.0278	11.1499	3
96	09 22 18.709	-77 21 39.53	1.02	83.64	3.08	2.06	99.9999	19.0601	17.8115	16.4175	1
97	09 22 18.678	-77 23 31.03	0.68	0.27	-0.63	-1.31	16.6248	15.3749	14.4500	13.3770	1
99	09 22 16.784	-77 18 29.36	84.98	84.23	91.01	6.03	99.9999	99.9999	19.2953	18.2062	0
100	09 22 16.278	-77 15 35.84	84.57	84.22	90.98	6.40	99.9999	99.9999	19.6773	18.4082	0
101	09 22 16.488	-77 21 03.44	85.14	84.23	91.03	5.89	99.9999	99.9999	19.1413	18.0294	0
102	09 22 16.073	-77 13 17.77	0.62	2.15	1.44	0.82	18.5080	17.4534	16.5838	15.5011	1
103	09 22 16.081	-77 19 48.60	85.03	84.23	91.02	5.99	99.9999	99.9999	19.2453	17.9099	0
104	09 22 16.124	-77 24 18.89	0.82	83.64	2.07	1.25	99.9999	18.0704	17.0077	15.7194	3
105	09 22 15.818	-77 18 47.60	84.52	84.22	90.97	6.45	99.9999	99.9999	19.7263	18.7243	0
107	09 22 15.627	-77 21 19.17	85.11	84.23	91.02	5.92	99.9999	99.9999	19.1723	17.9111	0
108	09 22 15.166	-77 14 30.43	85.46	84.23	91.05	5.60	99.9999	99.9999	18.8413	17.6107	0
109	09 22 14.951	-77 15 26.29	0.73	83.64	3.03	2.30	99.9999	19.0343	18.0619	16.8476	3
110	09 22 14.897	-77 14 26.54	1.14	83.65	2.23	1.09	99.9999	18.2012	16.8417	15.2497	3
111	09 22 14.303	-77 20 23.84	85.31	84.23	91.04	5.73	99.9999	99.9999	18.9843	18.1069	0
112	09 22 13.580	-77 23 13.20	84.75	84.23	90.99	6.24	99.9999	99.9999	19.5103	18.5518	0
113	09 22 12.971	-77 18 13.27	0.45	-0.52	-1.24	-1.69	15.8395	14.7858	14.0727	13.1810	1
114	09 22 10.609	-77 22 30.84	85.81	84.23	91.08	5.27	99.9999	99.9999	18.5063	16.8217	0
115	09 22 10.454	-77 19 45.71	84.71	84.23	90.99	6.28	99.9999	99.9999	19.5493	18.4216	0
116	09 22 10.060	-77 22 03.01	0.84	83.64	1.37	0.53	99.9999	17.3626	16.2811	15.1170	1
117	09 22 09.664	-77 14 39.88	85.14	84.23	91.03	5.89	99.9999	99.9999	19.1423	18.0670	0
118	09 22 09.047	-77 13 26.82	0.60	1.22	0.42	-0.19	17.5802	16.4299	15.5755	14.5366	3
119	09 22 08.994	-77 24 40.44	85.76	84.23	91.08	5.32	99.9999	99.9999	18.5553	17.1220	0
120	09 22 08.585	-77 16 42.81	0.53	-0.16	-0.88	-1.41	16.2013	15.1377	14.3521	13.4037	3
121	09 22 08.640	-77 21 56.78	0.95	83.64	2.20	1.25	99.9999	18.1854	17.0012	15.6748	3
122	09 22 08.011	-77 12 34.28	0.65	83.64	3.81	3.16	99.9999	19.8207	18.9234	17.8263	0
123	09 22 08.036	-77 18 19.00	0.77	2.62	2.06	1.28	18.9723	18.0582	17.0417	15.9572	3
124	09 22 07.097	-77 11 38.02	0.57	-0.31	-1.20	-1.77	16.0476	14.8159	13.9919	12.9705	1
125	09 22 06.133	-77 18 21.44	0.68	3.21	2.52	1.84	19.5685	18.5241	17.6009	16.4420	3
127	09 22 05.434	-77 18 23.56	0.63	1.73	1.06	0.43	18.0834	17.0723	16.1911	15.1180	1
128	09 22 05.063	-77 15 09.23	1.45	83.65	2.95	1.50	99.9999	18.8927	17.2337	15.2104	1
133	09 22 03.141	-77 20 40.97	1.05	83.64	4.18	3.13	99.9999	20.1609	18.8791	16.9919	3
134	09 22 02.165	-77 14 00.45	85.24	84.23	91.03	5.80	99.9999	99.9999	19.0513	17.8128	0
135	09 22 01.319	-77 22 20.87	0.59	1.89	1.25	0.66	18.2444	17.2624	16.4232	15.4123	1
136	09 22 01.066	-77 23 57.47	0.78	83.64	3.56	2.78	99.9999	19.5563	18.5329	17.2048	0
137	09 22 00.610	-77 23 00.66	85.25	84.23	91.04	5.78	99.9999	99.9999	19.0343	17.0559	0
138	09 21 59.451	-77 19 05.19	0.63	2.14	1.19	0.56	18.4942	17.2044	16.3250	15.2965	3
139	09 21 59.484	-77 23 42.49	85.16	84.23	91.03	5.86	99.9999	99.9999	19.1183	17.9036	0
140	09 21 59.369	-77 24 22.51	1.21	1.71	-0.02	-1.22	18.0608	15.9470	14.5220	12.9376	3
141	09 21 59.163	-77 16 18.85	0.69	2.17	1.28	0.59	18.5251	17.2839	16.3482	15.2810	3
142	09 21 58.658	-77 16 02.08	0.91	83.64	3.79	2.88	99.9999	19.7821	18.6354	17.5304	1
143	09 21 56.747	-77 13 25.43	85.68	84.23	91.07	5.39	99.9999	99.9999	18.6293	17.4986	0
144	09 21 56.586	-77 24 22.47	84.59	84.23	90.98	6.39	99.9999	99.9999	19.6663	18.3408	0
145	09 21 56.260	-77 19 01.91	85.52	84.23	91.06	5.54	99.9999	99.9999	18.7853	17.7971	0
148	09 21 55.246	-77 23 42.50	0.72	83.64	2.92	2.21	99.9999	18.9282	17.9647	16.7901	3
149	09 21 53.187	-77 24 43.47	85.76	84.23	91.08	5.32	99.9999	99.9999	18.5573	17.2318	0
150	09 21 51.657	-77 18 10.90	0.64	0.77	0.01	-0.63	17.1309	16.0218	15.1362	14.0957	1
152	09 21 50.661	-77 14 55.89	85.20	84.23	91.03	5.83	99.9999	99.9999	19.0803	18.1267	0
154	09 21 50.265	-77 17 10.65	0.53	83.64	3.29	2.76	99.9999	19.3066	18.5202	17.4055	1
155	09 21 49.432	-77 12 28.22	1.07	83.64	3.45	2.38	99.9999	19.4216	18.1274	16.8552	3
156	09 21 47.622	-77 17 09.19	0.59	2.41	1.68	1.09	18.7724	17.6964	16.8572	15.7445	1
157	09 21 47.162	-77 13 37.39	0.79	0.76	-0.24	-1.03	17.1143	15.7557	14.7241	13.4631	1
158	09 21 47.067	-77 24 23.00	84.72	84.23	90.99	6.27	99.9999	99.9999	19.5353	18.0050	0
159	09 21 46.888	-77 21 41.63	1.01	1.79	0.38	-0.64	18.1438	16.3560	15.1143	13.7492	1
160	09 21 45.552	-77 12 19.53	0.66	0.86	-0.02	-0.68	17.2214	15.9858	15.0796	13.9922	1
161	09 21 44.756	-77 17 51.55	84.83	84.23	91.00	6.17	99.9999	99.9999	19.4323	18.3511	0
162	09 21 44.724	-77 17 05.64	0.70	1.57	0.56	-0.14	17.9287	16.5637	15.6154	14.5034	3
164	09 21 42.580	-77 17 30.39	0.89	83.64	2.64	1.75	99.9999	18.6266	17.5049	16.3529	3
165	09 21 42.392	-77 14 48.66	85.72	84.23	91.07	5.36	99.9999	99.9999	18.5953	15.9047	0
166	09 21 41.845	-77 18 45.63	0.77	83.64	2.59	1.82	99.9999	18.5863	17.5737	16.2517	1
167	09 21 40.703	-77 22 49.20	85.32	84.23	91.04	5.72	99.9999	99.9999	18.9713	17.6784	0
168	09 21 40.543	-77 16 16.74	0.83	1.40	0.40	-0.43	17.7582	16.3922	15.3248	14.0848	1
169	09 21 40.528	-77 18 35.50	85.19	84.23	91.03	5.84	99.9999	99.9999	19.0953	17.6461	0
170	09 21 40.191	-77 17 11.44	0.87	83.64	3.52	2.65	99.9999	19.5094	18.4056	17.0501	1
171	09 21 40.063	-77 24 19.00	84.96	84.23	91.01	6.05	99.9999	99.9999	19.3073	18.0748	0
173	09 21 39.658	-77 19 33.58	85.23	84.23	91.03	5.80	99.9999	99.9999	19.0573	17.7001	0
174	09 21 39.105	-77 24 28.55	86.04	84.24	91.10	5.07	99.9999	99.9999	18.2943	16.8580	0
176	09 21 38.134	-77 14 20.58	0.97	3.66	2.37	1.40	20.0202	18.3546	17.1495	15.9029	0
177	09 21 37.805	-77 19 52.73	85.40	84.23	91.05	5.64	99.9999	99.9999	18.8923	17.4461	0
178	09 21 36.886	-77 18 28.38	85.19	84.23	91.03	5.84	99.9999	99.9999	19.0973	17.6748	0
181	09 21 36.318	-77 24 19.06	1.13	83.65	3.43	2.30	99.9999	19.3991	18.0485	16.3914	1
182	09 21 36.017	-77 22 48.85	84.62	84.23	90.98	6.36	99.9999	99.9999	19.6303	17.3551	0
183	09 21 35.825	-77 12 45.13	85.02	84.23	91.02	6.00	99.9999	99.9999	19.2553	16.5310	0
185	09 21 35.559	-77 19 04.81	84.51	84.22	90.97	6.46	99.9999	99.9999	19.7383	18.7452	0
187	09 21 33.668	-77 22 54.08	85.28	84.23	91.04	5.76	99.9999	99.9999	19.0123	17.6709	0
190	09 21 31.508	-77 19 41.80	85.83	84.23	91.08	5.25	99.9999	99.9999	18.4863	16.9412	0
191	09 21 31.509	-77 16 57.80	84.79	84.23	91.00	6.21	99.9999	99.9999	19.4733	18.3753	0
192	09 21 31.054	-77 13 21.50	0.47	83.64	3.14	2.66	99.9999	19.1622	18.4308	17.2463	0
193	09 21 30.907	-77 12 31.54	0.78	2.81	1.90	1.13	19.1707	17.9019	16.8828	15.7348	1
194	09 21 30.648	-77 17 24.01	85.25	84.23	91.03	5.79	99.9999	99.9999	19.0403	17.7385	0
195	09 21 30.498	-77 20 33.32	1.10	83.65	3.20	2.10	99.9999	19.1755	17.8490	16.2982	1
197	09 21 29.115	-77 17 05.92	85.43	84.23	91.05	5.62	99.9999	99.9999	18.8663	17.6387	0
199	09 21 28.464	-77 21 51.03	0.70	2.38	1.56	0.85	18.7378	17.5636	16.6144	15.4886	3
200	09 21 28.341	-77 21 17.01	0.64	3.07	2.38	1.74	19.4241	18.3916	17.5042	16.4765	3
201	09 21 27.785	-77 17 03.22	0.30	83.64	3.63	3.33	99.9999	19.6680	19.0996	18.0300	0
202	09 21 26.223	-77 17 15.93	85.20	84.23	91.03	5.83	99.9999	99.9999	19.0843	17.9447	0
203	09 21 26.211	-77 13 02.92	1.01	83.64	3.41	2.40	99.9999	19.3919	18.1513	16.5547	3
204	09 21 24.734	-77 17 17.42	85.66	84.23	91.07	5.41	99.9999	99.9999	18.6513	16.8658	0
205	09 21 23.795	-77 18 14.09	85.16	84.23	91.03	5.87	99.9999	99.9999	19.1223	18.4477	0
208	09 21 21.904	-77 17 14.46	85.44	84.23	91.05	5.61	99.9999	99.9999	18.8583	16.4555	0
212	09 21 20.547	-77 16 54.24	84.77	84.23	90.99	6.22	99.9999	99.9999	19.4913	18.5308	0
213	09 21 20.436	-77 17 17.67	85.12	84.23	91.02	5.90	99.9999	99.9999	19.1573	17.0879	0
214	09 21 20.248	-77 23 33.41	0.89	83.64	2.05	1.16	99.9999	18.0385	16.9159	15.5878	1
215	09 21 20.227	-77 17 24.44	0.89	3.22	2.14	1.24	19.5749	18.1261	16.9970	15.6431	1
216	09 21 19.729	-77 12 27.03	0.75	2.88	2.21	1.46	19.2338	18.2078	17.2182	16.0421	1
218	09 21 19.030	-77 23 52.94	0.74	83.64	2.61	1.86	99.9999	18.6098	17.6222	16.4392	1
220	09 21 18.727	-77 18 54.97	0.49	83.64	3.90	3.41	99.9999	19.9221	19.1790	18.2792	0
222	09 21 18.291	-77 23 50.83	85.08	84.23	91.02	5.94	99.9999	99.9999	19.2023	17.3169	0
223	09 21 18.284	-77 21 33.29	84.65	84.23	90.98	6.34	99.9999	99.9999	19.6093	18.2729	0
224	09 21 17.848	-77 17 30.91	84.69	84.23	90.99	6.30	99.9999	99.9999	19.5693	18.6385	0
226	09 21 16.775	-77 16 55.82	85.51	84.23	91.06	5.55	99.9999	99.9999	18.7933	17.6211	0
227	09 21 16.458	-77 23 41.79	0.45	-0.95	-1.64	-2.09	15.4098	14.3844	13.6776	12.7405	1
228	09 21 16.411	-77 24 04.43	84.81	84.23	91.00	6.19	99.9999	99.9999	19.4523	18.0279	0
229	09 21 16.658	-77 16 14.85	85.12	84.23	91.02	5.91	99.9999	99.9999	19.1623	17.9308	0
232	09 21 15.590	-77 19 27.00	85.52	84.23	91.06	5.54	99.9999	99.9999	18.7823	16.9157	0
233	09 21 14.901	-77 23 12.39	0.67	-2.18	-3.02	-3.69	14.1818	12.9847	12.0678	11.0089	1
234	09 21 14.321	-77 18 24.81	0.63	2.58	1.89	1.26	18.9365	17.8992	17.0171	16.0192	3
235	09 21 13.967	-77 14 35.85	84.85	84.23	91.00	6.15	99.9999	99.9999	19.4183	18.2461	0
236	09 21 13.424	-77 23 29.37	85.58	84.23	91.06	5.48	99.9999	99.9999	18.7273	17.5680	0
237	09 21 13.848	-77 11 20.75	84.78	84.23	91.00	6.21	99.9999	99.9999	19.4783	17.9539	0
238	09 21 13.410	-77 21 27.68	84.48	84.22	90.97	6.49	99.9999	99.9999	19.7673	17.7345	0
239	09 21 13.527	-77 17 01.45	85.20	84.23	91.03	5.83	99.9999	99.9999	19.0843	18.2771	0
240	09 21 12.848	-77 18 59.71	85.29	84.23	91.04	5.75	99.9999	99.9999	19.0033	17.9280	0
242	09 21 12.461	-77 18 23.22	84.76	84.23	90.99	6.23	99.9999	99.9999	19.5003	18.5358	0
243	09 21 11.830	-77 16 09.97	84.81	84.23	91.00	6.19	99.9999	99.9999	19.4523	18.2227	0
245	09 21 11.649	-77 17 26.85	0.75	3.10	2.20	1.46	19.4539	18.2057	17.2152	16.0827	0
246	09 21 11.653	-77 16 51.29	84.92	84.23	91.01	6.09	99.9999	99.9999	19.3523	18.2622	0
247	09 21 11.508	-77 16 54.15	84.77	84.23	91.00	6.22	99.9999	99.9999	19.4893	18.4912	0
248	09 21 11.401	-77 18 00.57	85.36	84.23	91.04	5.69	99.9999	99.9999	18.9363	17.9619	0
249	09 21 11.174	-77 12 41.40	85.44	84.23	91.05	5.61	99.9999	99.9999	18.8553	17.6960	0
250	09 21 10.753	-77 18 47.98	86.03	84.24	91.10	5.07	99.9999	99.9999	18.3013	16.8244	0
251	09 21 10.416	-77 16 21.99	85.31	84.23	91.04	5.73	99.9999	99.9999	18.9793	17.3867	0
252	09 21 10.385	-77 16 13.37	85.07	84.23	91.02	5.95	99.9999	99.9999	19.2033	18.1567	0
253	09 21 09.972	-77 20 21.52	85.71	84.23	91.07	5.36	99.9999	99.9999	18.5993	17.3490	0
255	09 21 09.729	-77 24 03.07	1.00	1.26	-0.22	-1.22	17.6190	15.7572	14.5270	13.1939	3
256	09 21 09.635	-77 20 24.37	0.83	3.24	2.09	1.26	19.5998	18.0857	17.0139	15.7076	1
257	09 21 09.539	-77 18 29.84	85.11	84.23	91.02	5.91	99.9999	99.9999	19.1693	18.0861	0
258	09 21 09.709	-77 12 01.49	0.66	83.64	2.96	2.30	99.9999	18.9675	18.0586	16.9296	3
260	09 21 08.822	-77 18 28.54	85.35	84.23	91.04	5.69	99.9999	99.9999	18.9383	17.0964	0
261	09 21 08.388	-77 19 29.94	0.91	83.64	2.83	1.91	99.9999	18.8170	17.6685	16.3210	1
264	09 21 08.089	-77 16 25.50	85.13	84.23	91.03	5.89	99.9999	99.9999	19.1483	17.4380	0
265	09 21 08.072	-77 16 37.00	85.10	84.23	91.02	5.92	99.9999	99.9999	19.1793	18.1842	0
266	09 21 08.005	-77 17 09.96	0.83	83.64	3.08	2.25	99.9999	19.0731	18.0078	16.7787	3
268	09 21 07.222	-77 17 51.47	0.67	2.65	1.97	1.30	19.0079	17.9817	17.0638	15.9455	3
269	09 21 06.599	-77 23 14.55	0.76	3.06	2.34	1.58	19.4180	18.3411	17.3346	16.2492	3
273	09 21 05.067	-77 18 32.61	84.86	84.23	91.00	6.14	99.9999	99.9999	19.4053	18.5249	0
276	09 21 04.655	-77 12 44.16	0.90	83.64	2.81	1.90	99.9999	18.7958	17.6563	16.3219	1
277	09 21 04.339	-77 15 47.37	84.96	84.23	91.01	6.05	99.9999	99.9999	19.3103	17.8324	0
280	09 21 03.909	-77 18 29.10	0.74	2.60	1.78	1.04	18.9562	17.7842	16.8011	15.7043	3
281	09 21 03.594	-77 24 38.67	0.74	2.33	1.29	0.55	18.6850	17.2894	16.3081	15.1549	3
282	09 21 03.646	-77 17 17.55	0.54	83.64	3.52	2.98	99.9999	19.5369	18.7433	17.8837	0
284	09 21 03.470	-77 17 20.38	85.24	84.23	91.03	5.79	99.9999	99.9999	19.0423	18.0610	0
286	09 21 02.961	-77 16 06.24	84.98	84.23	91.01	6.03	99.9999	99.9999	19.2913	18.1478	0
287	09 21 02.797	-77 17 30.12	0.83	83.64	3.65	2.81	99.9999	19.6404	18.5679	17.1241	0
288	09 21 02.906	-77 15 00.35	0.58	2.51	1.79	1.21	18.8706	17.8101	16.9781	15.9456	1
289	09 21 02.743	-77 17 19.52	86.11	84.24	91.11	5.00	99.9999	99.9999	18.2253	17.0363	0
290	09 21 02.477	-77 17 51.49	85.36	84.23	91.04	5.69	99.9999	99.9999	18.9363	18.0421	0
292	09 21 02.159	-77 18 25.38	85.18	84.23	91.03	5.85	99.9999	99.9999	19.1043	17.9786	0
293	09 21 02.148	-77 17 55.27	85.10	84.23	91.02	5.92	99.9999	99.9999	19.1763	17.9982	0
294	09 21 02.047	-77 17 23.00	85.60	84.23	91.06	5.47	99.9999	99.9999	18.7083	17.6548	0
295	09 21 02.067	-77 15 39.32	0.69	83.64	3.88	3.19	99.9999	19.8865	18.9472	17.8295	0
296	09 21 01.891	-77 17 24.92	85.29	84.23	91.04	5.75	99.9999	99.9999	19.0023	17.8786	0
297	09 21 01.010	-77 24 11.93	0.67	83.64	2.40	1.73	99.9999	18.4105	17.4908	16.4210	3
298	09 21 01.234	-77 19 08.60	85.26	84.23	91.04	5.77	99.9999	99.9999	19.0263	16.5859	0
300	09 21 00.323	-77 17 49.61	84.53	84.22	90.97	6.45	99.9999	99.9999	19.7213	18.4719	0
302	09 21 00.313	-77 16 47.17	84.87	84.23	91.00	6.14	99.9999	99.9999	19.4013	18.3636	0
303	09 21 00.182	-77 16 50.41	84.79	84.23	91.00	6.21	99.9999	99.9999	19.4763	18.5544	0
304	09 21 00.271	-77 12 33.32	85.53	84.23	91.06	5.53	99.9999	99.9999	18.7713	17.2628	0
305	09 20 59.600	-77 23 20.46	0.82	2.01	0.97	0.14	18.3637	16.9645	15.9007	14.7212	1
307	09 20 59.917	-77 14 29.89	85.50	84.23	91.06	5.55	99.9999	99.9999	18.7973	17.6231	0
308	09 20 59.415	-77 17 11.99	85.24	84.23	91.03	5.79	99.9999	99.9999	19.0453	18.0433	0
309	09 20 59.337	-77 15 07.26	84.76	84.23	90.99	6.24	99.9999	99.9999	19.5053	18.2510	0
310	09 20 59.160	-77 15 33.85	0.76	3.17	2.31	1.56	19.5321	18.3148	17.3154	16.2559	1
311	09 20 58.601	-77 16 34.15	84.83	84.23	91.00	6.17	99.9999	99.9999	19.4313	18.3343	0
317	09 20 57.252	-77 15 56.46	85.48	84.23	91.05	5.57	99.9999	99.9999	18.8203	17.4532	0
318	09 20 57.043	-77 19 14.07	85.41	84.23	91.05	5.64	99.9999	99.9999	18.8863	17.8566	0
319	09 20 56.657	-77 17 22.99	0.84	83.64	3.23	2.38	99.9999	19.2204	18.1371	16.6703	1
320	09 20 56.434	-77 16 59.01	0.63	83.64	3.17	2.54	99.9999	19.1805	18.3020	17.0450	0
321	09 20 56.409	-77 15 13.76	0.57	83.64	3.29	2.73	99.9999	19.3122	18.4918	17.2063	1
322	09 20 55.834	-77 21 35.93	0.78	83.64	3.64	2.86	99.9999	19.6395	18.6179	17.2166	3
323	09 20 55.840	-77 19 00.60	0.35	-0.49	-1.36	-1.71	15.8678	14.6723	14.0557	13.2778	3
324	09 20 55.881	-77 16 28.14	0.61	83.64	2.95	2.34	99.9999	18.9644	18.1046	17.1032	1
325	09 20 55.470	-77 18 48.04	0.69	2.20	1.38	0.69	18.5546	17.3915	16.4522	15.3434	3
326	09 20 55.302	-77 16 05.84	85.03	84.23	91.02	5.99	99.9999	99.9999	19.2483	17.8229	0
327	09 20 55.092	-77 16 37.05	0.51	83.64	3.97	3.46	99.9999	19.9921	19.2209	18.0234	0
329	09 20 54.417	-77 17 15.29	0.24	83.64	3.68	3.45	99.9999	19.7289	19.2214	18.2470	0
330	09 20 54.706	-77 11 50.77	0.79	83.64	3.49	2.69	99.9999	19.4860	18.4502	17.2455	1
333	09 20 53.604	-77 17 44.68	0.58	83.64	3.45	2.87	99.9999	19.4658	18.6311	17.5303	0
334	09 20 53.633	-77 16 24.03	85.07	84.23	91.02	5.95	99.9999	99.9999	19.2043	18.0924	0
336	09 20 52.847	-77 23 33.07	0.92	83.64	2.92	2.00	99.9999	18.9044	17.7506	16.4891	3
338	09 20 53.049	-77 15 53.90	84.48	84.22	90.97	6.49	99.9999	99.9999	19.7663	18.7375	0
340	09 20 51.810	-77 17 31.38	0.95	83.64	2.93	1.98	99.9999	18.9116	17.7291	16.4839	0
343	09 20 50.908	-77 24 25.80	0.67	83.64	2.34	1.67	99.9999	18.3527	17.4348	16.1889	3
344	09 20 51.026	-77 19 11.68	0.59	1.38	0.74	0.15	17.7421	16.7588	15.9133	14.8835	1
345	09 20 51.320	-77 12 18.04	84.85	84.23	91.00	6.15	99.9999	99.9999	19.4163	18.0631	0
346	09 20 50.620	-77 19 55.84	0.84	83.64	2.63	1.79	99.9999	18.6245	17.5421	16.2890	3
347	09 20 50.344	-77 22 11.20	0.64	2.16	1.42	0.78	18.5204	17.4355	16.5462	15.4730	3
348	09 20 50.138	-77 23 03.90	0.87	83.64	3.35	2.48	99.9999	19.3389	18.2306	16.8177	1
349	09 20 50.058	-77 18 08.94	85.44	84.23	91.05	5.61	99.9999	99.9999	18.8573	17.8008	0
352	09 20 49.084	-77 17 42.94	84.72	84.23	90.99	6.27	99.9999	99.9999	19.5403	18.3315	0
353	09 20 48.594	-77 22 10.34	85.78	84.23	91.08	5.30	99.9999	99.9999	18.5323	17.0722	0
354	09 20 48.865	-77 16 31.70	85.55	84.23	91.06	5.51	99.9999	99.9999	18.7503	17.6256	0
355	09 20 48.653	-77 16 07.46	85.16	84.23	91.03	5.86	99.9999	99.9999	19.1183	18.0826	0
357	09 20 48.325	-77 16 38.51	84.73	84.23	90.99	6.26	99.9999	99.9999	19.5313	18.3156	0
359	09 20 47.568	-77 20 46.96	84.62	84.23	90.98	6.37	99.9999	99.9999	19.6363	18.4977	0
360	09 20 47.780	-77 15 36.02	0.51	2.11	1.37	0.86	18.4663	17.3884	16.6208	15.6460	0
362	09 20 47.292	-77 18 48.11	0.77	1.23	0.21	-0.56	17.5831	16.2143	15.1997	13.9895	3
363	09 20 47.428	-77 14 42.26	84.98	84.23	91.01	6.03	99.9999	99.9999	19.2923	18.2576	0
364	09 20 47.044	-77 16 58.04	84.37	84.22	90.96	6.59	99.9999	99.9999	19.8683	18.4053	0
365	09 20 46.863	-77 18 58.44	0.37	83.64	3.79	3.42	99.9999	19.8255	19.1899	17.8717	0
366	09 20 46.821	-77 15 24.25	85.44	84.23	91.05	5.61	99.9999	99.9999	18.8553	17.7682	0
367	09 20 45.836	-77 23 42.07	0.64	2.62	1.95	1.30	18.9796	17.9563	17.0653	15.9149	1
369	09 20 45.405	-77 22 59.25	86.29	84.24	91.12	4.83	99.9999	99.9999	18.0533	16.6091	0
371	09 20 45.909	-77 15 12.73	1.25	83.65	2.94	1.69	99.9999	18.8966	17.4289	15.8446	3
373	09 20 45.529	-77 15 38.89	0.56	83.64	3.81	3.25	99.9999	19.8306	19.0138	17.9351	0
374	09 20 45.322	-77 15 58.90	84.22	84.22	90.95	6.73	99.9999	99.9999	20.0163	17.8302	0
376	09 20 44.763	-77 13 22.21	0.67	2.92	2.18	1.51	19.2733	18.1923	17.2709	16.1199	1
377	09 20 44.274	-77 19 17.77	0.63	1.47	0.83	0.20	17.8323	16.8383	15.9581	14.9107	3
378	09 20 44.423	-77 16 20.73	84.91	84.23	91.01	6.10	99.9999	99.9999	19.3593	18.3276	0
379	09 20 44.243	-77 17 58.96	0.54	83.64	3.72	3.18	99.9999	19.7410	18.9483	17.7593	0
380	09 20 43.630	-77 21 28.95	0.49	0.47	-0.23	-0.72	16.8254	15.7962	15.0464	14.0492	1
381	09 20 43.371	-77 19 38.66	85.36	84.23	91.04	5.68	99.9999	99.9999	18.9313	17.7057	0
383	09 20 43.594	-77 14 31.16	84.67	84.23	90.99	6.31	99.9999	99.9999	19.5843	18.5456	0
384	09 20 42.964	-77 21 19.63	85.04	84.23	91.02	5.97	99.9999	99.9999	19.2313	17.4883	0
385	09 20 43.661	-77 11 47.96	0.63	2.20	1.30	0.67	18.5548	17.3137	16.4370	15.3155	1
387	09 20 42.755	-77 13 04.03	0.46	83.64	3.66	3.20	99.9999	19.6842	18.9626	17.6111	0
388	09 20 42.199	-77 17 34.57	0.75	2.37	1.61	0.86	18.7300	17.6146	16.6232	15.4422	1
389	09 20 42.034	-77 17 31.54	85.70	84.23	91.07	5.37	99.9999	99.9999	18.6083	17.4598	0
390	09 20 41.893	-77 18 46.65	0.68	0.24	-0.63	-1.31	16.5990	15.3808	14.4540	13.3682	3
391	09 20 41.824	-77 18 10.14	0.99	83.64	2.60	1.61	99.9999	18.5827	17.3609	15.9101	1
392	09 20 41.810	-77 16 28.41	84.79	84.23	91.00	6.21	99.9999	99.9999	19.4743	18.4782	0
393	09 20 41.753	-77 16 55.56	85.25	84.23	91.04	5.78	99.9999	99.9999	19.0333	17.9343	0
394	09 20 41.784	-77 15 42.37	85.19	84.23	91.03	5.84	99.9999	99.9999	19.0903	18.0329	0
395	09 20 41.071	-77 21 20.55	0.68	2.64	1.86	1.18	18.9953	17.8725	16.9430	15.8275	3
397	09 20 40.968	-77 18 10.60	85.19	84.23	91.03	5.84	99.9999	99.9999	19.0943	18.0824	0
398	09 20 40.873	-77 15 55.26	0.53	1.69	1.00	0.46	18.0527	17.0173	16.2282	15.2856	3
399	09 20 39.883	-77 16 32.17	84.73	84.23	90.99	6.26	99.9999	99.9999	19.5293	18.6697	0
400	09 20 39.244	-77 23 12.44	85.36	84.23	91.04	5.68	99.9999	99.9999	18.9303	17.3565	0
402	09 20 39.335	-77 17 17.57	84.95	84.23	91.01	6.06	99.9999	99.9999	19.3213	17.5605	0
405	09 20 38.681	-77 18 12.53	0.64	2.91	2.11	1.47	19.2701	18.1206	17.2332	16.2026	3
406	09 20 39.005	-77 13 58.13	84.51	84.22	90.97	6.46	99.9999	99.9999	19.7333	18.0269	0
407	09 20 38.658	-77 16 51.12	85.52	84.23	91.06	5.54	99.9999	99.9999	18.7843	17.3945	0
408	09 20 38.472	-77 18 46.10	0.86	83.64	2.80	1.93	99.9999	18.7897	17.6895	16.3776	1
409	09 20 38.005	-77 20 39.04	85.01	84.23	91.02	6.00	99.9999	99.9999	19.2603	18.1020	0
410	09 20 36.783	-77 22 35.50	84.94	84.23	91.01	6.07	99.9999	99.9999	19.3293	18.3559	0
411	09 20 36.604	-77 21 33.41	85.23	84.23	91.03	5.81	99.9999	99.9999	19.0583	16.9503	0
412	09 20 36.207	-77 18 59.67	84.58	84.22	90.98	6.40	99.9999	99.9999	19.6723	18.5763	0
413	09 20 36.378	-77 16 06.11	84.78	84.23	91.00	6.21	99.9999	99.9999	19.4783	18.3674	0
414	09 20 36.107	-77 17 56.45	0.78	3.37	2.50	1.72	19.7250	18.5016	17.4799	16.3427	3
415	09 20 35.529	-77 20 27.79	85.07	84.23	91.02	5.95	99.9999	99.9999	19.2083	17.5484	0
416	09 20 35.520	-77 17 13.30	85.11	84.23	91.02	5.91	99.9999	99.9999	19.1683	18.1079	0
417	09 20 35.334	-77 11 51.16	0.72	3.07	2.10	1.39	19.4323	18.1074	17.1467	16.0097	3
418	09 20 35.046	-77 12 38.94	0.93	83.64	2.86	1.93	99.9999	18.8480	17.6798	16.1728	3
420	09 20 34.598	-77 15 12.76	85.46	84.23	91.05	5.60	99.9999	99.9999	18.8423	16.3851	0
421	09 20 33.996	-77 18 35.83	85.80	84.23	91.08	5.28	99.9999	99.9999	18.5193	16.7951	0
422	09 20 34.228	-77 14 11.37	1.14	83.65	3.36	2.22	99.9999	19.3329	17.9708	16.4054	1
423	09 20 33.921	-77 16 10.44	84.93	84.23	91.01	6.08	99.9999	99.9999	19.3403	18.1097	0
424	09 20 33.711	-77 14 32.00	85.85	84.23	91.09	5.23	99.9999	99.9999	18.4673	16.9944	0
426	09 20 33.730	-77 12 56.35	0.67	1.37	0.49	-0.18	17.7294	16.5012	15.5789	14.4417	3
427	09 20 32.855	-77 11 19.14	85.26	84.23	91.04	5.78	99.9999	99.9999	19.0293	17.9125	0
431	09 20 32.077	-77 16 21.04	0.40	83.64	3.78	3.38	99.9999	19.8089	19.1464	17.8445	0
432	09 20 32.052	-77 16 25.02	0.96	1.46	0.08	-0.88	17.8198	16.0645	14.8684	13.5299	1
433	09 20 31.348	-77 22 32.45	1.29	0.04	-2.00	-3.29	16.3885	13.9609	12.4526	10.7904	3
435	09 20 31.131	-77 16 32.99	0.84	0.83	-0.29	-1.13	17.1910	15.7079	14.6280	13.3661	3
436	09 20 29.792	-77 13 03.78	0.74	1.66	0.65	-0.09	18.0203	16.6531	15.6671	14.5327	3
438	09 20 28.450	-77 15 48.05	84.65	84.23	90.99	6.33	99.9999	99.9999	19.6033	18.4084	0
440	09 20 28.293	-77 11 50.13	85.52	84.23	91.06	5.53	99.9999	99.9999	18.7773	16.2271	0
441	09 20 27.502	-77 16 54.95	0.49	3.59	2.75	2.26	19.9453	18.7743	18.0254	16.9560	1
442	09 20 26.582	-77 20 59.30	0.93	83.64	3.07	2.13	99.9999	19.0560	17.8878	16.6231	0
443	09 20 26.163	-77 23 20.89	0.63	-0.16	-0.92	-1.54	16.1989	15.0957	14.2190	13.1341	1
444	09 20 26.241	-77 21 43.43	0.82	1.61	0.54	-0.28	17.9634	16.5398	15.4786	14.2379	1
448	09 20 24.049	-77 17 28.45	86.06	84.24	91.10	5.04	99.9999	99.9999	18.2723	17.0299	0
450	09 20 22.890	-77 17 45.54	84.96	84.23	91.01	6.05	99.9999	99.9999	19.3103	18.2835	0
451	09 20 22.395	-77 21 52.90	84.67	84.23	90.99	6.32	99.9999	99.9999	19.5863	17.8235	0
452	09 20 22.932	-77 13 33.79	85.09	84.23	91.02	5.93	99.9999	99.9999	19.1893	17.3731	0
453	09 20 21.865	-77 18 47.84	0.98	83.64	1.84	0.85	99.9999	17.8214	16.6058	15.1146	1
454	09 20 22.016	-77 15 16.09	0.62	2.45	1.51	0.90	18.8107	17.5247	16.6578	15.5445	3
455	09 20 21.049	-77 22 03.67	0.63	-0.32	-1.08	-1.71	16.0386	14.9341	14.0511	12.9305	1
456	09 20 20.885	-77 15 20.32	0.55	83.64	3.74	3.19	99.9999	19.7589	18.9555	17.7989	0
458	09 20 20.709	-77 11 50.13	0.75	83.64	3.34	2.59	99.9999	19.3430	18.3474	16.9832	1
460	09 20 20.235	-77 12 11.73	0.63	2.41	1.59	0.96	18.7653	17.6013	16.7211	15.6094	3
463	09 20 16.231	-77 24 06.81	86.07	84.24	91.10	5.04	99.9999	99.9999	18.2633	17.0871	0
464	09 20 16.940	-77 14 54.16	84.81	84.23	91.00	6.19	99.9999	99.9999	19.4533	18.1515	0
467	09 20 16.357	-77 14 49.72	0.62	83.64	3.15	2.53	99.9999	19.1585	18.2898	17.0627	1
468	09 20 16.003	-77 16 32.25	0.63	1.50	0.69	0.06	17.8550	16.6976	15.8200	14.7678	3
469	09 20 15.751	-77 15 51.97	85.36	84.23	91.04	5.69	99.9999	99.9999	18.9373	17.5643	0
470	09 20 14.677	-77 22 05.77	85.25	84.23	91.03	5.79	99.9999	99.9999	19.0383	17.6782	0
471	09 20 14.534	-77 18 36.86	85.38	84.23	91.05	5.66	99.9999	99.9999	18.9103	17.7529	0
472	09 20 15.115	-77 11 53.80	0.86	83.64	2.39	1.53	99.9999	18.3792	17.2844	16.0656	3
473	09 20 12.388	-77 24 24.25	0.75	2.50	1.42	0.67	18.8545	17.4253	16.4303	15.2927	3
475	09 20 12.023	-77 19 22.38	85.05	84.23	91.02	5.97	99.9999	99.9999	19.2273	18.0116	0
476	09 20 12.164	-77 16 09.70	85.27	84.23	91.04	5.77	99.9999	99.9999	19.0173	18.1577	0
477	09 20 11.939	-77 17 58.97	85.03	84.23	91.02	5.98	99.9999	99.9999	19.2423	17.1917	0
478	09 20 11.099	-77 24 34.81	0.90	83.64	3.34	2.45	99.9999	19.3343	18.1992	16.7472	1
480	09 20 11.341	-77 17 03.48	85.34	84.23	91.04	5.70	99.9999	99.9999	18.9493	17.4259	0
481	09 20 10.345	-77 21 41.99	0.60	2.73	2.12	1.52	19.0838	18.1383	17.2875	16.2477	1
482	09 20 10.354	-77 18 04.12	85.12	84.23	91.02	5.91	99.9999	99.9999	19.1623	18.0010	0
484	09 20 08.811	-77 23 54.40	0.58	0.77	0.04	-0.54	17.1281	16.0567	15.2202	14.1361	1
485	09 20 08.871	-77 21 23.56	85.24	84.23	91.03	5.80	99.9999	99.9999	19.0483	16.0352	0
486	09 20 09.627	-77 14 18.63	84.73	84.23	90.99	6.26	99.9999	99.9999	19.5283	18.2700	0
487	09 20 09.032	-77 14 47.70	85.31	84.23	91.04	5.73	99.9999	99.9999	18.9813	17.2769	0
491	09 20 07.790	-77 17 05.08	0.92	3.40	1.83	0.91	19.7574	17.8187	16.6655	15.4021	3
492	09 20 06.779	-77 20 07.87	0.56	-0.53	-1.29	-1.85	15.8318	14.7306	13.9138	12.9053	1
494	09 20 07.420	-77 11 50.19	0.72	2.34	1.47	0.75	18.7002	17.4747	16.5068	15.3727	3
495	09 20 05.553	-77 24 30.20	0.94	83.64	3.51	2.57	99.9999	19.4955	18.3220	16.9018	1
496	09 20 05.524	-77 23 28.89	0.90	0.71	-0.48	-1.37	17.0703	15.5148	14.3831	13.0400	1
497	09 20 05.375	-77 18 50.61	85.14	84.23	91.03	5.89	99.9999	99.9999	19.1443	18.3262	0
498	09 20 03.852	-77 20 57.82	85.07	84.23	91.02	5.95	99.9999	99.9999	19.2073	18.0509	0
499	09 20 04.433	-77 15 28.28	0.83	3.34	2.48	1.66	19.7000	18.4783	17.4127	16.2223	0
500	09 20 03.272	-77 19 27.34	85.45	84.23	91.05	5.60	99.9999	99.9999	18.8513	17.8166	0
501	09 20 02.597	-77 24 05.35	84.62	84.23	90.98	6.37	99.9999	99.9999	19.6363	18.4423	0
502	09 20 03.893	-77 13 06.83	85.12	84.23	91.02	5.91	99.9999	99.9999	19.1633	18.0772	0
504	09 20 02.830	-77 17 41.41	0.97	83.64	3.59	2.63	99.9999	19.5770	18.3785	16.9182	0
508	09 20 01.196	-77 15 34.66	0.39	2.02	1.45	1.06	18.3807	17.4813	16.8246	15.9192	0
509	09 20 00.645	-77 17 08.44	0.50	83.64	2.96	2.46	99.9999	18.9786	18.2225	17.1095	1
511	09 19 59.782	-77 20 09.30	0.73	2.67	1.64	0.91	19.0241	17.6400	16.6650	15.5811	3
512	09 19 59.024	-77 21 43.41	85.39	84.23	91.05	5.65	99.9999	99.9999	18.9023	17.9764	0
513	09 19 58.215	-77 22 23.37	0.55	2.74	1.99	1.44	19.0987	18.0096	17.2026	16.0489	1
514	09 19 59.360	-77 13 45.21	0.72	2.94	2.04	1.32	19.2983	18.0476	17.0788	15.8418	3
515	09 19 59.145	-77 14 41.91	84.98	84.23	91.01	6.03	99.9999	99.9999	19.2943	18.1181	0
516	09 19 58.949	-77 12 27.81	85.73	84.23	91.07	5.35	99.9999	99.9999	18.5863	17.1935	0
517	09 19 58.558	-77 12 09.71	0.79	83.64	2.36	1.58	99.9999	18.3636	17.3331	16.0137	1
519	09 19 57.763	-77 14 04.33	0.89	83.64	2.19	1.30	99.9999	18.1831	17.0560	15.5952	1
521	09 19 57.350	-77 15 24.60	84.74	84.23	90.99	6.25	99.9999	99.9999	19.5213	18.0108	0
524	09 19 56.631	-77 16 31.12	0.62	1.76	1.06	0.45	18.1138	17.0776	16.2098	15.0885	1
525	09 19 56.073	-77 17 54.88	85.24	84.23	91.03	5.80	99.9999	99.9999	19.0503	17.9434	0
526	09 19 56.671	-77 13 07.69	85.08	84.23	91.02	5.94	99.9999	99.9999	19.2013	18.1439	0
527	09 19 53.867	-77 12 28.88	84.92	84.23	91.01	6.09	99.9999	99.9999	19.3533	18.3849	0
528	09 19 53.793	-77 12 41.11	0.94	3.03	1.65	0.71	19.3855	17.6397	16.4659	15.1546	1
529	09 19 52.913	-77 17 38.42	0.65	3.01	2.23	1.58	19.3662	18.2408	17.3444	16.2908	3
531	09 19 51.829	-77 18 25.63	84.69	84.23	90.99	6.30	99.9999	99.9999	19.5653	18.3486	0
532	09 19 50.101	-77 22 17.90	85.50	84.23	91.06	5.56	99.9999	99.9999	18.8023	17.7092	0
533	09 19 50.521	-77 16 53.11	0.69	2.66	1.76	1.07	19.0202	17.7688	16.8322	15.6403	3
534	09 19 48.887	-77 23 30.16	85.08	84.23	91.02	5.94	99.9999	99.9999	19.2003	17.9638	0
535	09 19 49.133	-77 18 19.89	85.59	84.23	91.06	5.47	99.9999	99.9999	18.7133	17.4036	0
536	09 19 48.420	-77 21 33.82	84.83	84.23	91.00	6.17	99.9999	99.9999	19.4373	17.9169	0
537	09 19 47.942	-77 24 14.56	85.54	84.23	91.06	5.52	99.9999	99.9999	18.7673	16.7968	0
538	09 19 47.931	-77 21 22.80	1.06	83.64	3.22	2.17	99.9999	19.2006	17.9162	16.4246	1
539	09 19 47.431	-77 22 07.21	0.57	0.77	-0.02	-0.59	17.1240	15.9956	15.1690	14.1484	3
540	09 19 48.907	-77 11 13.66	0.70	0.42	-0.59	-1.30	16.7730	15.4144	14.4635	13.3040	3
541	09 19 47.767	-77 17 40.48	85.47	84.23	91.05	5.58	99.9999	99.9999	18.8293	17.7095	0
542	09 19 46.601	-77 22 19.91	85.50	84.23	91.06	5.55	99.9999	99.9999	18.7983	17.4362	0
543	09 19 47.095	-77 13 11.06	0.58	2.51	1.80	1.22	18.8674	17.8123	16.9820	15.9150	3
544	09 19 45.994	-77 20 01.56	0.51	2.01	1.39	0.89	18.3707	17.4150	16.6527	15.6176	3
546	09 19 44.996	-77 19 25.46	0.80	83.64	2.57	1.77	99.9999	18.5654	17.5233	16.3560	3
548	09 19 44.548	-77 18 08.81	0.63	2.28	1.50	0.87	18.6331	17.5075	16.6290	15.4937	3
549	09 19 44.373	-77 15 31.86	84.94	84.23	91.01	6.07	99.9999	99.9999	19.3313	18.6725	0
551	09 19 42.713	-77 18 48.84	0.71	2.31	1.40	0.68	18.6691	17.4016	16.4426	15.3285	3
552	09 19 42.087	-77 19 20.20	0.78	83.64	3.27	2.49	99.9999	19.2681	18.2430	17.0305	3
554	09 19 41.439	-77 11 45.04	84.68	84.23	90.99	6.31	99.9999	99.9999	19.5813	18.3408	0
555	09 19 39.910	-77 17 50.36	0.76	3.00	2.20	1.44	19.3591	18.2040	17.1966	16.0103	3
557	09 19 39.331	-77 14 34.41	86.95	84.24	91.18	4.23	99.9999	99.9999	17.4283	14.9622	0
558	09 19 38.318	-77 18 24.07	0.58	2.83	2.21	1.62	19.1881	18.2247	17.3882	16.3091	1
559	09 19 39.060	-77 11 33.87	0.77	1.55	0.54	-0.23	17.9027	16.5406	15.5287	14.2977	1
561	09 19 35.687	-77 23 37.08	0.60	83.64	2.37	1.77	99.9999	18.3881	17.5355	16.4274	1
562	09 19 36.273	-77 19 23.10	85.84	84.23	91.08	5.25	99.9999	99.9999	18.4833	16.6731	0
565	09 19 35.120	-77 22 55.68	85.11	84.23	91.02	5.91	99.9999	99.9999	19.1683	17.9941	0
566	09 19 36.108	-77 14 01.77	0.83	83.64	2.48	1.64	99.9999	18.4724	17.3999	16.1757	0
567	09 19 34.820	-77 20 26.27	1.02	83.64	3.13	2.11	99.9999	19.1130	17.8635	16.3884	0
568	09 19 34.516	-77 19 21.99	0.16	-1.59	-2.56	-2.72	14.7749	13.4885	13.0570	12.5301	3
571	09 19 32.543	-77 18 48.91	0.86	83.64	3.03	2.17	99.9999	19.0247	17.9245	16.4979	1
572	09 19 32.931	-77 12 27.09	85.07	84.23	91.02	5.95	99.9999	99.9999	19.2123	18.0055	0
573	09 19 31.741	-77 16 22.85	85.35	84.23	91.04	5.70	99.9999	99.9999	18.9473	16.9254	0
574	09 19 27.135	-77 24 29.77	0.55	83.64	3.97	3.43	99.9999	19.9932	19.1924	17.9024	0
575	09 19 27.545	-77 19 30.44	85.02	84.23	91.02	5.99	99.9999	99.9999	19.2513	18.3353	0
576	09 19 28.764	-77 12 16.71	0.56	1.86	1.14	0.59	18.2180	17.1613	16.3516	15.3186	1
577	09 19 26.834	-77 23 04.46	0.71	83.64	3.88	3.16	99.9999	19.8827	18.9246	17.7373	0
578	09 19 26.143	-77 24 01.03	85.55	84.23	91.06	5.51	99.9999	99.9999	18.7573	17.5317	0
579	09 19 25.832	-77 21 52.87	85.28	84.23	91.04	5.75	99.9999	99.9999	19.0063	17.6125	0
581	09 19 26.367	-77 13 25.41	85.40	84.23	91.05	5.65	99.9999	99.9999	18.8973	17.0158	0
582	09 19 25.073	-77 18 10.42	85.19	84.23	91.03	5.84	99.9999	99.9999	19.0893	16.9764	0
583	09 19 23.983	-77 22 43.86	84.99	84.23	91.01	6.02	99.9999	99.9999	19.2843	16.8222	0
584	09 19 24.101	-77 21 07.84	0.86	83.64	2.48	1.62	99.9999	18.4743	17.3804	16.0943	1
585	09 19 24.449	-77 11 22.55	86.09	84.24	91.10	5.01	99.9999	99.9999	18.2423	16.6804	0
586	09 19 24.009	-77 13 15.92	84.65	84.23	90.99	6.33	99.9999	99.9999	19.6023	18.0957	0
587	09 19 23.486	-77 14 38.77	1.16	2.78	0.89	-0.27	19.1382	16.8534	15.4731	13.9331	3
588	09 19 21.915	-77 19 31.95	1.31	2.35	0.21	-1.10	18.7011	16.1699	14.6420	12.9982	3
591	09 19 22.111	-77 13 03.84	0.55	1.30	0.54	-0.01	17.6585	16.5577	15.7525	14.7324	1
593	09 19 18.333	-77 18 17.17	85.18	84.23	91.03	5.85	99.9999	99.9999	19.1003	17.8361	0
594	09 19 18.111	-77 14 05.28	0.48	0.39	-0.26	-0.74	16.7518	15.7616	15.0261	14.0173	3
595	09 19 16.738	-77 11 12.89	85.54	84.23	91.06	5.52	99.9999	99.9999	18.7643	17.1509	0
596	09 19 14.569	-77 22 26.42	85.28	84.23	91.04	5.75	99.9999	99.9999	19.0063	17.7520	0
597	09 19 16.312	-77 11 45.25	85.66	84.23	91.07	5.41	99.9999	99.9999	18.6523	16.7451	0
598	09 19 13.370	-77 21 44.44	0.76	3.01	2.06	1.30	19.3644	18.0636	17.0615	15.8337	3
599	09 19 13.976	-77 13 58.77	0.54	1.35	0.64	0.10	17.7055	16.6646	15.8684	14.8791	1
600	09 19 12.223	-77 21 10.12	85.64	84.23	91.07	5.43	99.9999	99.9999	18.6703	17.6762	0
601	09 19 14.098	-77 11 11.21	86.06	84.24	91.10	5.04	99.9999	99.9999	18.2683	17.0585	0
602	09 19 13.821	-77 11 37.73	0.55	83.64	2.19	1.64	99.9999	18.2092	17.4084	16.3667	1
605	09 19 12.072	-77 12 47.52	84.63	84.23	90.98	6.35	99.9999	99.9999	19.6193	18.4788	0
606	09 19 10.392	-77 20 01.74	84.63	84.23	90.98	6.35	99.9999	99.9999	19.6213	18.2859	0
607	09 19 10.980	-77 16 55.05	85.05	84.23	91.02	5.96	99.9999	99.9999	19.2223	18.1342	0
608	09 19 11.225	-77 14 26.73	0.99	83.64	3.11	2.13	99.9999	19.0942	17.8768	16.4548	3
610	09 19 09.485	-77 13 32.03	84.70	84.23	90.99	6.28	99.9999	99.9999	19.5533	18.4909	0
611	09 19 09.172	-77 15 01.63	84.41	84.22	90.97	6.55	99.9999	99.9999	19.8293	18.0398	0
612	09 19 06.988	-77 23 53.94	85.15	84.23	91.03	5.88	99.9999	99.9999	19.1313	17.7355	0
613	09 19 08.011	-77 12 14.89	1.10	83.65	0.67	-0.43	99.9999	16.6430	15.3219	13.6308	1
614	09 19 05.276	-77 11 11.83	0.54	83.64	3.34	2.79	99.9999	19.3573	18.5584	99.9999	0
616	09 19 01.815	-77 17 13.61	84.63	84.23	90.98	6.35	99.9999	99.9999	19.6223	18.3789	0
618	09 18 59.912	-77 21 28.72	1.24	83.65	3.42	2.18	99.9999	19.3787	17.9226	15.9261	3
620	09 18 59.300	-77 23 15.43	0.58	83.64	1.00	0.42	99.9999	17.0144	16.1860	15.1378	3
621	09 19 00.428	-77 15 14.31	0.87	83.64	3.26	2.40	99.9999	19.2564	18.1535	16.8614	1
624	09 19 00.393	-77 14 09.72	1.17	83.65	3.27	2.10	99.9999	19.2359	17.8424	15.9767	0
625	09 18 59.089	-77 18 46.32	84.88	84.23	91.00	6.12	99.9999	99.9999	19.3833	18.4881	0
626	09 18 57.739	-77 24 24.11	85.85	84.23	91.08	5.23	99.9999	99.9999	18.4693	16.6709	0
629	09 18 57.418	-77 20 25.37	85.12	84.23	91.02	5.91	99.9999	99.9999	19.1633	18.0851	0
630	09 18 57.321	-77 20 36.00	0.70	1.98	1.13	0.43	18.3350	17.1332	16.1903	15.0656	1
631	09 18 57.699	-77 17 21.99	0.59	83.64	2.39	1.80	99.9999	18.4097	17.5634	16.3674	3
635	09 18 56.476	-77 20 05.68	0.67	83.64	2.44	1.77	99.9999	18.4533	17.5319	16.3967	3
636	09 18 55.977	-77 20 58.48	0.42	83.64	3.46	3.04	99.9999	19.4884	18.8107	17.6075	1
638	09 18 57.632	-77 11 54.18	85.57	84.23	91.06	5.49	99.9999	99.9999	18.7333	17.0714	0
640	09 18 55.331	-77 15 33.30	84.71	84.23	90.99	6.28	99.9999	99.9999	19.5513	18.4028	0
