# M107 E(B-V)=0.33, (m-M)_0 = 15.05
# Reason Note: 0 -> Bad Photometry | 1 -> DBSCAN | 2 ->Tidal Radius | 3-> Parallax
# File Created: 04/17/2024 (MM/DD/YYYY)
# 	RA		Dec		(B-V)_0	M_u	M_B	M_V	u	B	V	I	Reason
1	16 33 21.720	-13 04 34.27	0.74	1.87	0.85	0.10	17.6155	16.2092	15.1949	13.9054	1
2	16 33 21.430	-13 10 11.64	0.69	2.89	2.17	1.48	18.6397	17.5332	16.5728	15.4535	1
3	16 33 20.856	-13 03 57.13	0.76	2.85	1.65	0.89	18.5973	17.0059	15.9807	14.7293	3
4	16 33 20.322	-13 04 53.84	0.92	1.27	-0.59	-1.51	17.0206	14.7580	13.5732	11.8995	3
7	16 33 20.096	-12 59 32.34	0.69	4.74	3.86	3.17	20.4876	19.2245	18.2587	17.3893	1
8	16 33 19.943	-13 00 42.36	1.12	3.26	3.03	1.91	19.0058	18.3627	16.9912	15.7306	3
10	16 33 18.781	-13 06 55.06	0.86	3.13	2.43	1.57	18.8827	17.7796	16.6541	15.4898	3
11	16 33 18.706	-13 05 39.98	0.67	3.25	2.45	1.78	18.9972	17.8222	16.8780	15.7021	3
12	16 33 17.829	-13 03 43.05	0.95	2.00	1.38	0.44	17.7445	16.7282	15.5228	14.2042	1
14	16 33 17.580	-13 06 59.43	0.88	3.91	2.66	1.78	19.6597	18.0105	16.8689	15.5444	1
21	16 33 16.045	-13 04 22.28	0.75	3.47	2.41	1.65	19.2148	17.7667	16.7448	15.4787	3
22	16 33 15.914	-13 03 30.42	0.54	3.78	3.22	2.68	19.5330	18.5973	17.7739	16.7760	1
23	16 33 15.838	-13 02 07.66	0.88	3.58	2.45	1.57	19.3291	17.8036	16.6598	15.2557	1
24	16 33 15.537	-13 04 04.15	1.22	4.74	3.65	2.43	20.4875	18.9702	17.5026	16.0637	3
25	16 33 15.389	-13 11 31.35	0.85	2.86	1.82	0.96	18.6042	17.1671	16.0502	14.7633	1
26	16 33 15.411	-13 04 05.29	0.45	4.07	3.70	3.25	19.8235	19.0851	18.3534	17.1869	1
28	16 33 15.213	-13 07 13.60	0.83	3.61	2.61	1.78	19.3588	17.9657	16.8736	15.5825	3
30	16 33 14.801	-13 10 48.61	1.00	1.34	0.28	-0.72	17.0903	15.6181	14.3620	12.9752	1
31	16 33 14.549	-13 14 15.58	1.17	1.71	-0.48	-1.65	17.4601	14.8464	13.4264	11.8439	1
32	16 33 14.379	-13 14 05.65	1.29	3.36	3.01	1.72	19.1065	18.3259	16.7926	15.7075	3
35	16 33 12.941	-13 08 48.40	0.53	1.02	0.35	-0.18	16.7747	15.7268	14.9131	13.8654	1
37	16 33 12.807	-13 09 31.45	0.77	3.45	2.57	1.80	19.2031	17.9255	16.8895	15.6655	3
40	16 33 12.160	-13 09 53.77	0.68	3.49	2.68	1.99	19.2429	18.0419	17.0868	15.8761	3
41	16 33 11.751	-13 14 10.46	0.60	3.27	2.72	2.13	19.0217	18.0984	17.2221	16.0520	1
42	16 33 11.873	-12 59 12.32	0.76	1.70	0.61	-0.15	17.4446	15.9733	14.9406	13.5552	1
45	16 33 11.678	-13 01 10.61	0.78	3.98	2.94	2.16	19.7257	18.2973	17.2463	15.9039	3
46	16 33 11.466	-13 01 03.67	0.81	3.62	2.56	1.75	19.3717	17.9170	16.8368	15.5406	1
48	16 33 11.145	-13 07 59.07	0.85	1.66	0.82	-0.03	17.4048	16.1690	15.0543	13.8577	1
52	16 33 10.303	-13 05 32.98	0.79	4.00	2.94	2.16	19.7521	18.2995	17.2463	15.9992	1
57	16 33 09.511	-13 04 18.48	1.15	4.46	2.79	1.64	20.2078	18.1170	16.7218	15.1019	1
58	16 33 09.354	-13 12 42.84	0.71	2.87	2.16	1.45	18.6177	17.5262	16.5475	15.3556	1
59	16 33 08.571	-13 12 00.98	0.63	2.62	1.83	1.20	18.3728	17.1979	16.2947	15.1308	3
60	16 33 08.531	-12 58 57.66	0.74	4.08	3.09	2.35	19.8298	18.4550	17.4450	16.1778	1
61	16 33 08.330	-13 14 20.49	1.06	2.96	2.03	0.97	18.7098	17.3631	16.0542	14.7479	3
62	16 33 08.096	-12 59 43.87	1.58	3.94	3.24	1.67	19.6873	18.5334	16.7303	15.2898	3
64	16 33 07.685	-13 14 31.38	0.83	4.22	3.20	2.37	19.9644	18.5499	17.4546	16.2548	3
65	16 33 07.295	-13 11 41.64	0.70	1.53	0.58	-0.12	17.2760	15.9430	14.9685	13.7960	3
70	16 33 06.992	-12 59 03.62	0.77	2.38	1.79	1.03	18.1303	17.1535	16.1165	14.7846	3
71	16 33 06.726	-13 07 02.02	0.60	3.37	2.78	2.17	19.1187	18.1527	17.2700	16.1544	1
75	16 33 06.075	-13 12 04.86	0.68	4.18	3.41	2.73	19.9260	18.7765	17.8269	16.6890	1
78	16 33 05.445	-13 02 04.63	0.72	1.58	0.70	-0.02	17.3254	16.0598	15.0703	13.8718	3
81	16 33 04.454	-13 01 15.74	0.63	4.61	3.75	3.13	20.3630	19.1250	18.2206	16.8896	1
82	16 33 04.132	-13 15 01.30	0.87	1.75	1.14	0.27	17.5033	16.4951	15.3610	14.1803	1
83	16 33 03.641	-13 06 29.28	0.85	4.25	3.08	2.23	20.0020	18.4287	17.3183	16.1237	3
84	16 33 03.636	-13 05 46.28	0.86	3.44	2.29	1.43	19.1851	17.6417	16.5141	15.1535	1
87	16 33 03.304	-13 04 46.10	0.47	2.84	2.25	1.78	18.5888	17.6315	16.8750	15.8012	3
88	16 33 03.126	-12 58 21.37	1.51	2.66	0.92	-0.59	18.4034	16.2134	14.4794	12.8580	3
89	16 33 02.999	-13 00 14.76	0.71	3.38	2.76	2.05	19.1294	18.1275	17.1444	15.9370	1
90	16 33 02.713	-13 05 00.81	0.55	1.73	0.98	0.43	17.4840	16.3577	15.5278	14.4892	1
91	16 33 02.621	-13 03 43.65	0.61	3.55	2.73	2.12	19.3012	18.1029	17.2169	16.0975	3
92	16 33 02.101	-13 09 26.49	0.81	3.71	2.82	2.01	19.4588	18.1737	17.0989	15.8833	3
93	16 33 01.863	-13 10 21.55	0.78	3.18	2.22	1.44	18.9283	17.5822	16.5333	15.3698	1
95	16 33 01.724	-13 12 04.94	0.59	1.53	0.75	0.17	17.2795	16.1289	15.2612	14.2212	1
99	16 33 00.778	-12 58 10.46	0.70	3.27	2.48	1.77	19.0218	17.8409	16.8675	15.9604	1
104	16 32 59.933	-12 54 52.37	1.48	2.73	1.00	-0.47	18.4695	16.3009	14.5938	13.0196	3
108	16 32 59.492	-13 03 44.35	0.57	4.50	3.70	3.13	20.2532	19.0757	18.2284	17.0546	1
109	16 32 59.341	-13 14 06.89	0.71	3.92	2.85	2.14	19.6650	18.2113	17.2304	16.0230	3
110	16 32 59.449	-12 56 34.16	0.97	84.25	4.24	3.27	99.9999	19.5790	18.3545	17.1898	1
111	16 32 59.395	-12 56 43.95	0.80	3.04	2.11	1.30	18.7890	17.4624	16.3927	15.0962	1
113	16 32 59.148	-13 14 08.78	0.62	3.42	2.96	2.34	19.1660	18.3346	17.4368	16.3039	1
118	16 32 58.915	-13 13 32.76	0.81	4.09	3.23	2.42	19.8363	18.5889	17.5109	16.3196	1
119	16 32 59.005	-13 03 16.35	1.10	1.61	-0.05	-1.16	17.3521	15.2768	13.9232	12.5043	3
120	16 32 58.691	-13 05 19.90	0.58	1.12	0.41	-0.16	16.8747	15.7882	14.9328	13.9377	1
121	16 32 58.395	-13 11 20.91	0.68	3.23	2.41	1.73	18.9790	17.7799	16.8238	15.7356	1
122	16 32 58.413	-13 01 38.83	0.81	3.53	2.34	1.53	19.2755	17.6941	16.6215	15.3449	3
124	16 32 58.135	-13 01 59.44	0.93	2.75	1.35	0.42	18.5028	16.6904	15.5010	14.1169	1
128	16 32 58.075	-12 57 10.91	0.61	4.06	3.26	2.65	19.8075	18.6357	17.7480	16.4919	1
129	16 32 58.018	-12 57 12.81	85.02	84.87	91.98	6.96	99.9999	99.9999	19.4182	17.5552	0
135	16 32 57.629	-13 07 29.81	0.80	4.63	3.93	3.13	20.3760	19.2885	18.2182	16.9898	1
136	16 32 57.714	-12 57 40.38	85.20	84.87	91.99	6.80	99.9999	99.9999	19.2540	18.0743	0
138	16 32 56.762	-13 05 40.41	85.22	84.87	92.00	6.78	99.9999	99.9999	19.2346	17.6135	0
141	16 32 56.493	-13 00 03.51	0.76	4.34	3.60	2.84	20.0909	18.9560	17.9279	16.8060	1
143	16 32 56.454	-12 58 00.18	1.00	84.25	4.85	3.85	99.9999	20.1920	18.9340	17.3839	1
148	16 32 56.283	-13 04 51.35	0.98	1.82	0.36	-0.61	17.5669	15.7046	14.4722	13.1312	3
151	16 32 56.234	-13 03 32.79	0.70	2.34	1.40	0.69	18.0900	16.7638	15.7872	14.6543	1
160	16 32 55.604	-12 59 53.55	0.87	3.49	2.24	1.36	19.2379	17.5875	16.4502	15.1069	3
161	16 32 55.604	-12 56 05.28	0.44	4.27	3.00	2.57	20.0257	18.3927	17.6675	16.0557	1
162	16 32 55.430	-13 14 09.65	0.61	-0.35	-1.21	-1.82	15.3980	14.1598	13.2750	12.2129	1
171	16 32 55.106	-12 59 23.80	0.63	3.41	2.54	1.90	19.1635	17.9075	16.9969	15.9457	3
173	16 32 54.998	-13 01 28.60	1.16	4.44	2.73	1.57	20.1894	18.0573	16.6520	15.0981	3
174	16 32 54.926	-13 03 24.23	0.66	2.55	1.72	1.06	18.3044	17.0875	16.1537	15.0650	3
176	16 32 54.840	-13 10 02.12	0.79	4.31	3.48	2.69	20.0612	18.8365	17.7822	16.4856	1
179	16 32 54.897	-12 57 48.54	0.87	4.64	3.48	2.61	20.3870	18.8335	17.7012	16.4292	3
181	16 32 54.740	-13 04 23.39	0.58	0.51	-0.33	-0.91	16.2558	15.0472	14.1835	13.1561	3
183	16 32 54.467	-13 05 08.10	0.65	4.73	3.93	3.28	20.4826	19.2949	18.3737	17.2749	1
184	16 32 54.346	-13 14 17.13	0.47	4.25	3.43	2.96	19.9965	18.8154	18.0610	16.8881	1
187	16 32 54.204	-13 05 53.67	0.68	1.00	0.16	-0.53	16.7524	15.5216	14.5635	13.4522	1
189	16 32 54.146	-13 01 40.59	84.74	84.86	91.95	7.21	99.9999	99.9999	19.6846	18.5703	0
191	16 32 54.073	-13 04 13.43	0.85	3.88	2.62	1.77	19.6321	17.9735	16.8576	15.6665	3
193	16 32 53.883	-13 11 54.06	0.87	1.66	0.55	-0.33	17.4099	15.8953	14.7579	13.4120	1
196	16 32 53.750	-13 04 06.92	84.94	84.87	91.97	7.03	99.9999	99.9999	19.4990	17.7173	0
201	16 32 53.400	-13 13 54.27	0.67	3.60	2.91	2.24	19.3510	18.2782	17.3350	16.1309	1
202	16 32 53.524	-13 00 55.84	1.20	84.25	4.44	3.23	99.9999	19.7568	18.3098	16.5330	1
204	16 32 53.372	-12 58 02.81	0.82	2.24	1.11	0.29	17.9884	16.4681	15.3824	14.1808	1
209	16 32 53.152	-12 59 35.42	85.51	5.75	92.02	6.51	20.8790	99.9999	18.9620	17.7846	0
210	16 32 53.014	-13 08 36.04	0.45	4.29	3.81	3.36	20.0374	19.1954	18.4584	17.3213	1
211	16 32 52.987	-13 06 01.34	0.45	4.66	4.13	3.68	20.4119	19.5153	18.7805	17.6334	1
220	16 32 52.689	-12 56 26.34	0.74	84.25	3.97	3.24	99.9999	19.3346	18.3291	17.1053	3
221	16 32 52.609	-13 03 29.63	0.91	1.97	0.79	-0.12	17.7202	16.1361	14.9632	13.6022	3
227	16 32 52.339	-13 08 12.84	0.60	3.55	2.89	2.29	19.2955	18.2678	17.3864	16.2364	1
230	16 32 52.313	-13 00 36.79	84.88	84.86	91.97	7.09	99.9999	99.9999	19.5537	18.3915	0
231	16 32 52.148	-13 13 12.20	0.66	4.04	3.24	2.58	19.7898	18.6087	17.6731	16.5069	1
233	16 32 52.204	-13 00 53.61	0.86	2.13	0.93	0.07	17.8828	16.2838	15.1593	13.8882	1
234	16 32 52.139	-13 07 04.94	85.33	84.87	92.01	6.68	99.9999	99.9999	19.1323	18.0383	0
240	16 32 51.723	-13 06 24.10	0.80	84.25	3.95	3.15	99.9999	19.3020	18.2358	16.9039	1
242	16 32 51.638	-12 59 16.29	1.03	84.25	3.60	2.56	99.9999	18.9322	17.6463	16.1185	1
243	16 32 51.531	-13 04 17.16	85.34	5.86	92.01	6.67	20.9910	99.9999	19.1195	17.9824	0
244	16 32 51.324	-13 08 43.45	0.54	2.39	1.81	1.27	18.1448	17.1916	16.3681	15.3144	1
250	16 32 50.734	-13 09 18.55	0.62	4.30	3.61	2.99	20.0457	18.9821	18.0881	16.8686	1
255	16 32 50.315	-13 04 12.50	85.21	84.87	92.00	6.79	99.9999	99.9999	19.2464	18.1479	0
266	16 32 49.985	-13 00 00.60	0.70	4.78	3.82	3.13	20.5306	19.1877	18.2185	16.9099	1
267	16 32 49.802	-13 06 28.11	0.84	3.66	2.39	1.54	19.4047	17.7402	16.6319	15.3329	1
271	16 32 49.599	-13 12 28.15	0.63	2.97	2.29	1.65	18.7198	17.6583	16.7486	15.6421	1
272	16 32 49.599	-13 04 23.03	0.69	4.84	4.28	3.58	20.5918	19.6415	18.6756	17.5981	3
281	16 32 49.339	-13 02 09.14	0.66	4.21	3.45	2.79	19.9612	18.8213	17.8850	16.7715	1
282	16 32 49.154	-13 10 48.15	0.60	1.00	0.17	-0.43	16.7492	15.5405	14.6610	13.5823	3
287	16 32 48.914	-13 07 37.63	0.63	84.25	4.47	3.83	99.9999	19.8371	18.9273	17.9170	1
288	16 32 48.912	-13 07 30.72	0.52	4.11	3.51	2.99	19.8649	18.8943	18.0921	16.9249	1
289	16 32 48.925	-13 04 16.42	85.15	84.87	91.99	6.84	99.9999	99.9999	19.2941	18.0419	0
292	16 32 48.937	-12 57 16.57	85.88	84.87	92.05	6.18	99.9999	99.9999	18.6126	16.6960	0
293	16 32 48.863	-13 04 17.57	85.30	5.74	92.00	6.71	20.8700	99.9999	19.1601	18.0570	0
295	16 32 48.854	-13 02 51.78	0.68	2.56	1.77	1.09	18.3074	17.1384	16.1862	15.0450	3
298	16 32 48.706	-13 07 12.85	84.82	84.86	91.96	7.14	99.9999	99.9999	19.6114	18.5271	0
299	16 32 48.723	-13 04 48.68	0.59	3.34	2.59	2.01	19.0880	17.9694	17.1013	15.9460	1
301	16 32 48.708	-13 04 13.75	84.76	84.86	91.96	7.19	99.9999	99.9999	19.6640	18.4853	0
312	16 32 48.311	-13 09 11.99	0.40	84.25	4.81	4.42	99.9999	20.2064	19.5192	18.1829	1
313	16 32 48.241	-13 11 44.81	0.80	3.87	2.79	1.98	19.6208	18.1424	17.0730	15.7815	3
315	16 32 48.286	-13 02 51.17	1.08	84.25	4.19	3.11	99.9999	19.5201	18.1882	16.6893	3
316	16 32 48.230	-13 05 35.64	84.80	84.86	91.96	7.16	99.9999	99.9999	19.6259	18.4900	0
322	16 32 48.047	-13 01 33.59	0.84	3.75	2.69	1.85	19.4966	18.0426	16.9382	15.6635	1
327	16 32 47.976	-12 58 44.17	1.21	84.25	4.45	3.23	99.9999	19.7683	18.3117	16.6194	1
337	16 32 47.797	-12 57 03.23	0.86	4.17	2.89	2.02	19.9203	18.2396	17.1118	15.7295	1
344	16 32 47.539	-12 56 26.56	0.80	4.09	2.98	2.18	19.8346	18.3353	17.2706	15.9430	3
349	16 32 47.253	-13 01 53.18	84.84	84.86	91.96	7.12	99.9999	99.9999	19.5881	18.7237	0
352	16 32 47.200	-12 55 38.55	0.79	3.92	2.94	2.15	19.6702	18.2998	17.2402	15.8931	1
354	16 32 47.105	-13 00 51.58	0.69	4.90	4.22	3.53	20.6459	19.5863	18.6237	17.3566	1
355	16 32 46.940	-13 03 02.27	84.95	84.87	91.97	7.02	99.9999	99.9999	19.4841	18.5158	0
366	16 32 46.535	-13 15 11.99	1.33	2.11	-0.30	-1.63	17.8582	15.0068	13.4401	11.7237	3
369	16 32 46.571	-13 05 44.42	84.86	84.86	91.97	7.11	99.9999	99.9999	19.5744	18.3022	0
372	16 32 46.497	-13 01 16.04	85.12	84.87	91.99	6.87	99.9999	99.9999	19.3279	17.2264	0
373	16 32 46.426	-13 08 08.39	0.63	3.49	2.72	2.09	19.2384	18.0921	17.1863	16.0949	3
379	16 32 46.287	-13 04 37.95	85.23	84.87	92.00	6.77	99.9999	99.9999	19.2273	18.1740	0
380	16 32 46.344	-12 57 50.33	0.93	4.84	3.80	2.87	20.5870	19.1464	17.9542	16.5935	1
385	16 32 46.156	-13 02 50.66	0.51	2.91	2.27	1.76	18.6584	17.6494	16.8545	15.8326	1
388	16 32 46.130	-12 55 07.44	0.81	3.54	2.71	1.90	19.2868	18.0637	16.9889	15.7665	1
390	16 32 45.980	-13 08 06.93	84.59	5.78	91.94	7.35	20.9148	99.9999	19.8281	18.9186	0
392	16 32 45.957	-13 05 55.29	85.32	84.87	92.01	6.69	99.9999	99.9999	19.1389	18.0287	0
397	16 32 45.831	-13 02 48.86	0.55	1.90	1.19	0.65	17.6518	16.5723	15.7426	14.6785	1
403	16 32 45.778	-13 02 10.68	0.60	1.55	0.76	0.17	17.2981	16.1363	15.2630	14.1710	1
407	16 32 45.639	-13 06 18.17	0.53	1.69	0.99	0.46	17.4448	16.3653	15.5560	14.5639	1
415	16 32 45.344	-13 01 57.05	84.89	84.86	91.97	7.08	99.9999	99.9999	19.5434	17.8126	0
416	16 32 45.344	-13 00 59.72	85.25	5.61	92.00	6.75	20.7460	99.9999	19.2041	18.2715	0
421	16 32 45.230	-13 03 28.04	0.82	3.98	2.75	1.93	19.7329	18.1040	17.0228	15.6474	0
423	16 32 45.180	-13 06 34.13	85.18	84.87	91.99	6.81	99.9999	99.9999	19.2670	18.0483	0
424	16 32 45.223	-13 02 04.53	0.92	4.51	3.52	2.60	20.2583	18.8622	17.6848	15.4522	1
427	16 32 45.114	-13 05 02.93	1.18	4.91	3.13	1.95	20.6552	18.4567	17.0313	15.2234	1
438	16 32 44.803	-13 07 14.18	0.94	3.54	2.26	1.32	19.2841	17.6004	16.4056	15.0728	1
439	16 32 44.830	-13 03 47.50	85.23	5.70	92.00	6.77	20.8340	99.9999	19.2219	18.1410	0
454	16 32 44.533	-13 00 40.44	0.77	2.15	1.10	0.33	17.9010	16.4592	15.4238	14.2191	1
467	16 32 44.240	-13 02 20.55	84.64	84.86	91.95	7.31	99.9999	99.9999	19.7829	18.4374	0
470	16 32 44.030	-13 14 52.88	1.24	4.74	3.01	1.78	20.4812	18.3318	16.8524	15.0589	1
473	16 32 44.134	-13 04 01.67	0.92	-1.19	-2.45	-3.37	14.5546	12.8979	11.7179	10.3721	1
478	16 32 43.939	-13 03 12.67	84.75	84.86	91.96	7.21	99.9999	99.9999	19.6796	18.4449	0
480	16 32 43.921	-12 58 22.79	0.67	3.38	2.55	1.87	19.1313	17.9136	16.9669	15.8218	1
485	16 32 43.821	-12 59 59.38	84.98	84.87	91.98	7.00	99.9999	99.9999	19.4599	18.2009	0
487	16 32 43.717	-13 02 38.01	85.02	84.87	91.98	6.96	99.9999	99.9999	19.4179	18.3015	0
488	16 32 43.629	-13 10 20.24	0.70	0.97	0.05	-0.64	16.7181	15.4197	14.4506	13.3208	1
492	16 32 43.414	-13 15 18.45	0.51	2.29	1.69	1.18	18.0386	17.0735	16.2814	15.2432	1
495	16 32 43.461	-13 04 52.47	85.02	5.84	91.98	6.96	20.9730	99.9999	19.4221	18.2273	0
497	16 32 43.479	-13 01 39.56	0.45	84.25	4.92	4.47	99.9999	20.3041	19.5684	18.5831	1
499	16 32 43.402	-13 06 11.99	84.70	84.86	91.95	7.26	99.9999	99.9999	19.7275	18.6472	0
502	16 32 43.415	-13 02 15.15	85.18	84.87	91.99	6.82	99.9999	99.9999	19.2741	18.2411	0
504	16 32 43.367	-13 02 17.37	84.89	84.86	91.97	7.08	99.9999	99.9999	19.5458	18.2918	0
510	16 32 43.264	-13 00 39.99	0.65	1.20	0.32	-0.33	16.9451	15.6852	14.7614	13.6633	1
515	16 32 43.169	-13 03 35.91	84.99	84.87	91.98	6.98	99.9999	99.9999	19.4473	18.3045	0
517	16 32 43.187	-12 59 44.40	84.94	5.56	91.97	7.03	20.6968	99.9999	19.4941	18.3189	0
520	16 32 43.038	-13 01 20.04	84.63	84.86	91.95	7.32	99.9999	99.9999	19.7904	18.5706	0
523	16 32 42.946	-13 09 53.62	0.74	2.36	1.40	0.66	18.1058	16.7588	15.7526	14.6897	3
542	16 32 42.675	-13 05 43.89	85.07	84.87	91.98	6.91	99.9999	99.9999	19.3711	18.3765	0
549	16 32 42.594	-13 04 57.20	84.70	84.86	91.95	7.25	99.9999	99.9999	19.7222	18.7011	0
550	16 32 42.583	-13 04 51.92	84.82	84.86	91.96	7.14	99.9999	99.9999	19.6067	18.5850	0
551	16 32 42.610	-13 00 58.08	84.83	84.86	91.96	7.14	99.9999	99.9999	19.6034	18.4823	0
553	16 32 42.566	-13 03 23.44	84.94	84.87	91.97	7.03	99.9999	99.9999	19.4968	18.2097	0
557	16 32 42.449	-13 03 41.90	84.88	84.86	91.97	7.08	99.9999	99.9999	19.5507	18.6420	0
564	16 32 42.301	-13 03 37.73	84.86	84.86	91.97	7.11	99.9999	99.9999	19.5747	18.5746	0
574	16 32 42.199	-13 03 12.12	85.34	84.87	92.01	6.66	99.9999	99.9999	19.1168	17.9959	0
575	16 32 42.089	-13 13 28.69	0.72	3.86	3.04	2.32	19.6068	18.4050	17.4132	16.1963	1
578	16 32 42.178	-13 01 50.42	84.82	5.94	91.96	7.14	21.0770	99.9999	19.6084	18.2900	0
579	16 32 42.032	-13 15 10.99	0.49	0.01	-0.64	-1.13	15.7566	14.7427	13.9657	12.9845	3
594	16 32 41.797	-13 12 40.56	0.59	2.49	1.66	1.07	18.2413	17.0352	16.1621	15.1086	1
595	16 32 41.854	-13 06 29.24	85.03	84.87	91.98	6.95	99.9999	99.9999	19.4166	18.2985	0
613	16 32 41.697	-13 04 20.89	85.26	5.78	92.00	6.74	20.9130	99.9999	19.1921	18.1662	0
614	16 32 41.704	-13 03 18.61	84.41	84.86	91.93	7.51	99.9999	99.9999	19.9937	18.7871	0
625	16 32 41.583	-12 59 06.67	0.30	84.25	3.85	3.55	99.9999	19.2532	18.6586	18.0036	1
626	16 32 41.528	-13 04 09.28	85.11	84.87	91.99	6.88	99.9999	99.9999	19.3369	18.3107	0
630	16 32 41.511	-13 03 29.21	85.46	5.24	92.02	6.56	20.3738	99.9999	19.0102	17.9616	0
633	16 32 41.481	-13 03 27.61	85.20	84.87	92.00	6.79	99.9999	99.9999	19.2490	17.9667	0
634	16 32 41.455	-13 05 53.75	84.67	84.86	91.95	7.28	99.9999	99.9999	19.7551	18.6485	0
635	16 32 41.438	-13 03 03.98	84.74	84.86	91.95	7.22	99.9999	99.9999	19.6905	18.5367	0
643	16 32 41.353	-13 02 57.77	85.31	84.87	92.00	6.69	99.9999	99.9999	19.1476	18.0969	0
650	16 32 41.230	-13 04 45.03	84.88	84.86	91.97	7.08	99.9999	99.9999	19.5498	18.5706	0
654	16 32 41.214	-13 03 49.46	84.78	84.86	91.96	7.18	99.9999	99.9999	19.6456	18.5187	0
667	16 32 41.044	-12 59 03.37	84.53	84.86	91.94	7.41	99.9999	99.9999	19.8871	18.3723	0
671	16 32 40.935	-13 04 34.83	0.59	84.25	4.45	3.85	99.9999	19.8219	18.9505	17.9053	1
672	16 32 40.939	-13 04 03.88	0.46	84.25	4.99	4.52	99.9999	20.3729	19.6242	18.3956	3
673	16 32 40.930	-13 04 17.85	84.77	84.86	91.96	7.19	99.9999	99.9999	19.6617	18.5042	0
679	16 32 40.835	-13 04 51.57	0.80	2.98	1.91	1.11	18.7273	17.2637	16.2004	15.0178	3
684	16 32 40.805	-13 02 29.49	0.76	4.38	3.60	2.84	20.1307	18.9621	17.9356	16.7133	1
686	16 32 40.669	-13 14 06.38	0.94	2.89	1.58	0.65	18.6401	16.9287	15.7310	14.3811	1
692	16 32 40.640	-13 09 19.41	0.77	0.07	-1.18	-1.95	15.8203	14.1805	13.1401	12.0359	1
695	16 32 40.742	-12 58 40.67	84.64	5.96	91.95	7.30	21.0948	99.9999	19.7771	18.7405	0
705	16 32 40.638	-13 01 38.43	85.25	5.81	92.00	6.75	20.9460	99.9999	19.2069	18.2509	0
710	16 32 40.571	-13 02 04.70	0.37	84.25	4.34	3.97	99.9999	19.7331	19.0700	17.9327	1
726	16 32 40.235	-13 07 52.93	85.18	84.87	91.99	6.81	99.9999	99.9999	19.2706	17.7182	0
732	16 32 40.210	-13 04 06.71	84.91	84.87	91.97	7.06	99.9999	99.9999	19.5246	18.4558	0
735	16 32 40.181	-13 00 59.17	84.49	84.86	91.93	7.44	99.9999	99.9999	19.9171	18.5705	0
741	16 32 40.099	-13 04 20.06	84.89	5.79	91.97	7.08	20.9260	99.9999	19.5445	18.2492	0
752	16 32 39.996	-13 05 20.84	84.81	84.86	91.96	7.16	99.9999	99.9999	19.6241	18.6226	0
755	16 32 39.992	-13 02 26.00	84.91	84.87	91.97	7.06	99.9999	99.9999	19.5224	18.3122	0
759	16 32 39.929	-13 04 47.39	85.06	84.87	91.98	6.92	99.9999	99.9999	19.3833	18.2790	0
761	16 32 39.913	-13 03 47.55	85.28	5.23	92.00	6.72	20.3650	99.9999	19.1727	17.9530	0
764	16 32 39.911	-13 02 22.55	85.63	84.87	92.03	6.41	99.9999	99.9999	18.8499	17.8875	0
774	16 32 39.825	-13 02 22.98	85.62	84.87	92.03	6.42	99.9999	99.9999	18.8595	17.6148	0
783	16 32 39.743	-13 05 18.83	0.58	3.90	3.13	2.55	19.6514	18.5019	17.6424	16.4752	1
785	16 32 39.753	-13 03 14.66	84.82	84.86	91.96	7.14	99.9999	99.9999	19.6062	18.7025	0
793	16 32 39.718	-12 59 35.08	84.65	84.86	91.95	7.30	99.9999	99.9999	19.7717	18.8372	0
795	16 32 39.722	-12 57 22.17	85.30	84.87	92.00	6.71	99.9999	99.9999	19.1612	17.4413	0
810	16 32 39.512	-13 06 16.14	0.76	2.57	1.52	0.76	18.3171	16.8750	15.8461	14.6686	3
818	16 32 39.473	-13 04 41.01	84.85	84.86	91.96	7.12	99.9999	99.9999	19.5848	18.3328	0
819	16 32 39.533	-12 59 02.16	84.96	84.87	91.97	7.01	99.9999	99.9999	19.4774	18.3042	0
820	16 32 39.427	-13 07 52.32	0.69	3.73	2.79	2.10	19.4772	18.1558	17.1926	15.9576	3
821	16 32 39.453	-13 03 34.01	0.74	2.14	1.21	0.47	17.8911	16.5700	15.5589	14.2850	3
825	16 32 39.448	-13 02 57.98	84.77	84.86	91.96	7.19	99.9999	99.9999	19.6565	18.5412	0
849	16 32 39.267	-13 04 44.45	0.49	5.10	4.52	4.04	20.8517	19.9064	19.1346	17.8410	3
855	16 32 39.227	-13 02 27.35	85.06	84.87	91.98	6.92	99.9999	99.9999	19.3851	18.2386	0
856	16 32 39.198	-13 05 05.54	84.88	84.86	91.97	7.09	99.9999	99.9999	19.5554	18.4361	0
861	16 32 39.179	-13 01 59.88	84.66	84.86	91.95	7.29	99.9999	99.9999	19.7584	18.6280	0
863	16 32 39.115	-13 05 59.86	0.77	2.98	1.88	1.12	18.7284	17.2396	16.2058	14.9723	3
866	16 32 39.109	-13 03 48.65	84.93	6.30	91.97	7.04	21.4300	99.9999	19.5055	18.3916	0
874	16 32 39.062	-13 03 37.96	1.06	3.23	1.68	0.62	18.9748	17.0140	15.7063	14.2775	1
875	16 32 39.058	-13 03 46.81	84.80	84.86	91.96	7.16	99.9999	99.9999	19.6289	18.5270	0
887	16 32 38.954	-13 03 46.89	85.43	5.16	92.02	6.58	20.2928	99.9999	19.0335	18.0061	0
892	16 32 38.908	-13 03 33.70	0.88	3.35	2.22	1.35	19.1030	17.5728	16.4336	15.0597	3
896	16 32 38.894	-13 00 59.70	84.82	84.86	91.96	7.14	99.9999	99.9999	19.6057	18.4881	0
902	16 32 38.758	-13 02 50.37	84.89	84.86	91.97	7.08	99.9999	99.9999	19.5483	17.5984	0
908	16 32 38.710	-13 03 15.79	85.26	84.87	92.00	6.74	99.9999	99.9999	19.1980	18.0327	0
910	16 32 38.666	-13 03 27.00	84.22	84.86	91.91	7.69	99.9999	99.9999	20.1813	18.9665	0
915	16 32 38.626	-13 04 30.93	84.64	84.86	91.95	7.31	99.9999	99.9999	19.7835	18.7105	0
916	16 32 38.600	-13 06 36.04	84.87	84.86	91.97	7.10	99.9999	99.9999	19.5668	18.2771	0
931	16 32 38.492	-13 04 17.42	85.04	84.87	91.98	6.94	99.9999	99.9999	19.4055	18.2899	0
938	16 32 38.418	-13 05 23.25	1.35	84.26	6.06	4.71	99.9999	21.3726	19.7858	18.7197	0
943	16 32 38.380	-13 03 37.53	0.83	84.25	4.88	4.05	99.9999	20.2344	19.1436	18.1455	1
948	16 32 38.335	-13 03 52.58	0.67	4.44	3.81	3.14	20.1903	19.1806	18.2361	17.1266	1
950	16 32 38.319	-13 03 22.25	84.56	84.86	91.94	7.38	99.9999	99.9999	19.8530	18.8791	0
968	16 32 38.198	-13 02 33.16	84.74	84.86	91.96	7.21	99.9999	99.9999	19.6838	18.6995	0
972	16 32 38.250	-12 55 04.68	0.78	3.19	2.26	1.48	18.9341	17.6142	16.5664	15.3338	1
978	16 32 38.201	-12 54 48.92	0.40	3.71	3.22	2.82	19.4624	18.6108	17.9190	16.9823	1
984	16 32 38.003	-13 06 04.19	0.67	3.22	2.32	1.65	18.9653	17.6894	16.7470	15.5938	3
988	16 32 37.967	-13 03 13.09	0.43	4.69	3.90	3.47	20.4396	19.2912	18.5754	17.4066	1
989	16 32 37.970	-13 01 40.11	85.41	84.87	92.01	6.61	99.9999	99.9999	19.0573	17.9400	0
997	16 32 37.878	-13 06 28.14	85.04	5.78	91.98	6.94	20.9163	99.9999	19.4032	18.2198	0
1004	16 32 37.838	-13 02 14.58	0.90	5.53	5.35	4.45	21.2814	20.6947	19.5334	18.4022	0
1005	16 32 37.843	-13 00 53.38	0.68	3.11	2.26	1.58	18.8638	17.6247	16.6736	15.4779	3
1007	16 32 37.800	-13 03 59.18	85.41	5.95	92.01	6.60	21.0810	99.9999	19.0523	17.7952	0
1008	16 32 37.803	-13 02 32.05	0.38	84.25	4.36	3.98	99.9999	19.7534	19.0842	17.8084	1
1012	16 32 37.640	-13 12 46.60	0.63	3.23	2.46	1.83	18.9836	17.8292	16.9206	15.8112	1
1014	16 32 37.727	-13 03 35.38	0.71	0.97	-0.03	-0.74	16.7227	15.3300	14.3477	13.2279	1
1017	16 32 37.629	-13 12 11.04	0.63	1.35	0.44	-0.19	17.0956	15.8142	14.9056	13.8691	1
1043	16 32 37.504	-13 03 14.60	84.85	84.86	91.96	7.12	99.9999	99.9999	19.5826	18.4752	0
1047	16 32 37.522	-13 00 03.17	0.56	84.25	4.95	4.38	99.9999	20.3243	19.4807	18.3094	1
1053	16 32 37.433	-13 03 29.48	0.37	4.35	3.58	3.21	20.0995	18.9749	18.3171	17.2091	1
1055	16 32 37.414	-13 04 54.08	84.84	84.86	91.96	7.12	99.9999	99.9999	19.5882	18.4494	0
1057	16 32 37.375	-13 06 45.44	85.00	84.87	91.98	6.98	99.9999	99.9999	19.4397	18.0431	0
1062	16 32 37.393	-13 02 27.86	85.55	5.36	92.03	6.48	20.4878	99.9999	18.9227	17.6285	0
1063	16 32 37.360	-13 04 39.34	84.87	84.86	91.97	7.10	99.9999	99.9999	19.5646	18.4337	0
1066	16 32 37.293	-13 10 11.81	0.72	1.57	0.64	-0.09	17.3145	16.0022	15.0062	13.8807	1
1071	16 32 37.333	-13 03 26.55	0.48	84.25	4.89	4.40	99.9999	20.2701	19.5032	18.4740	1
1073	16 32 37.334	-13 02 14.22	84.96	6.07	91.97	7.01	21.2000	99.9999	19.4741	18.6066	0
1074	16 32 37.312	-13 04 14.06	84.94	84.87	91.97	7.04	99.9999	99.9999	19.5003	18.1968	0
1075	16 32 37.324	-13 02 39.39	0.61	84.25	4.51	3.90	99.9999	19.8822	18.9918	17.9524	1
1081	16 32 37.179	-13 12 26.24	0.73	1.85	0.86	0.13	17.5992	16.2264	15.2261	14.1094	1
1083	16 32 37.322	-12 56 56.20	1.21	-0.93	-2.73	-3.94	14.8177	12.5905	11.1344	9.6593	1
1087	16 32 37.213	-13 03 56.69	84.74	84.86	91.95	7.22	99.9999	99.9999	19.6891	18.4404	0
1089	16 32 37.109	-13 13 23.31	0.96	2.34	0.97	0.01	18.0910	16.3129	15.0946	13.7335	3
1090	16 32 37.249	-13 00 18.17	85.23	84.87	92.00	6.77	99.9999	99.9999	19.2226	17.9393	0
1097	16 32 37.166	-13 04 19.57	84.80	84.86	91.96	7.16	99.9999	99.9999	19.6323	18.3404	0
1098	16 32 37.179	-13 02 54.81	84.79	84.86	91.96	7.17	99.9999	99.9999	19.6376	18.4701	0
1106	16 32 37.129	-13 03 18.94	0.51	84.25	4.83	4.32	99.9999	20.2146	19.4211	18.4560	1
1111	16 32 36.976	-13 15 09.02	0.74	2.36	1.50	0.77	18.1051	16.8658	15.8600	14.5519	1
1113	16 32 37.128	-12 59 49.64	84.93	5.70	91.97	7.04	20.8340	99.9999	19.5034	18.3748	0
1119	16 32 36.998	-13 03 59.21	84.86	84.86	91.97	7.10	99.9999	99.9999	19.5690	18.4934	0
1122	16 32 36.965	-13 02 55.58	0.41	4.66	3.85	3.43	20.4108	19.2364	18.5350	17.4654	1
1133	16 32 36.889	-13 03 36.85	84.79	84.86	91.96	7.17	99.9999	99.9999	19.6345	18.5628	0
1140	16 32 36.823	-13 05 00.35	84.99	84.87	91.98	6.99	99.9999	99.9999	19.4533	18.4291	0
1146	16 32 36.806	-13 04 40.40	84.83	84.86	91.96	7.13	99.9999	99.9999	19.5989	18.4875	0
1150	16 32 36.871	-12 56 03.28	0.76	2.93	2.10	1.35	18.6827	17.4640	16.4367	15.1600	3
1151	16 32 36.792	-13 02 59.63	0.77	84.25	5.13	4.36	99.9999	20.4925	19.4545	18.1734	1
1156	16 32 36.818	-12 59 14.52	0.61	0.68	-0.07	-0.69	16.4271	15.2988	14.4087	13.2904	1
1163	16 32 36.820	-12 57 36.23	85.35	84.87	92.01	6.66	99.9999	99.9999	19.1091	18.0180	0
1166	16 32 36.733	-13 04 08.46	84.88	84.86	91.97	7.09	99.9999	99.9999	19.5554	18.2418	0
1168	16 32 36.735	-13 03 18.40	0.74	84.25	4.97	4.23	99.9999	20.3327	19.3257	18.0373	1
1179	16 32 36.699	-13 02 37.90	84.62	84.86	91.94	7.32	99.9999	99.9999	19.7975	18.6302	0
1181	16 32 36.741	-12 57 49.76	85.24	84.87	92.00	6.76	99.9999	99.9999	19.2149	17.5834	0
1184	16 32 36.728	-12 58 42.94	84.93	84.87	91.97	7.04	99.9999	99.9999	19.5082	18.3241	0
1187	16 32 36.636	-13 05 31.54	0.77	1.15	0.05	-0.73	16.8962	15.4039	14.3624	13.1715	1
1192	16 32 36.598	-13 02 49.31	85.06	84.87	91.98	6.92	99.9999	99.9999	19.3814	18.4845	0
1193	16 32 36.638	-12 58 53.82	85.49	84.87	92.02	6.53	99.9999	99.9999	18.9731	17.7149	0
1194	16 32 36.544	-13 06 44.29	0.67	4.92	4.62	3.95	20.6744	19.9873	19.0417	18.0148	1
1197	16 32 36.570	-13 02 53.47	84.82	84.86	91.96	7.14	99.9999	99.9999	19.6074	18.3359	0
1199	16 32 36.542	-13 04 57.24	85.30	5.86	92.00	6.71	20.9930	99.9999	19.1590	18.1055	0
1206	16 32 36.518	-13 02 17.52	0.35	3.97	3.35	2.99	19.7220	18.7411	18.0977	17.3837	1
1209	16 32 36.502	-13 02 58.34	85.05	84.87	91.98	6.93	99.9999	99.9999	19.3887	18.1951	0
1212	16 32 36.462	-13 03 20.72	84.58	84.86	91.94	7.36	99.9999	99.9999	19.8385	18.6211	0
1214	16 32 36.504	-12 58 00.91	1.37	84.26	4.38	3.01	99.9999	19.6876	18.0858	16.1861	3
1216	16 32 36.445	-13 02 15.47	84.87	84.86	91.97	7.10	99.9999	99.9999	19.5619	18.4770	0
1219	16 32 36.414	-13 02 24.15	84.61	84.86	91.94	7.33	99.9999	99.9999	19.8074	18.7554	0
1222	16 32 36.390	-13 03 55.26	85.35	84.87	92.01	6.66	99.9999	99.9999	19.1139	17.9801	0
1225	16 32 36.351	-13 05 45.60	84.99	84.87	91.98	6.98	99.9999	99.9999	19.4473	18.2656	0
1230	16 32 36.327	-13 03 20.92	84.78	84.86	91.96	7.18	99.9999	99.9999	19.6497	18.4250	0
1234	16 32 36.319	-13 02 04.34	0.11	84.25	4.54	4.43	99.9999	19.9579	19.5445	18.3411	1
1239	16 32 36.282	-13 01 56.12	0.58	84.25	4.47	3.88	99.9999	19.8405	18.9772	17.9527	3
1251	16 32 36.196	-13 04 10.63	84.54	84.86	91.94	7.40	99.9999	99.9999	19.8734	18.5781	0
1270	16 32 36.101	-13 03 19.58	85.37	5.94	92.01	6.64	21.0740	99.9999	19.0911	17.9283	0
1275	16 32 36.080	-13 03 25.59	84.75	84.86	91.96	7.20	99.9999	99.9999	19.6753	18.6268	0
1280	16 32 36.032	-13 02 42.86	85.29	84.87	92.00	6.71	99.9999	99.9999	19.1627	18.0871	0
1283	16 32 36.058	-12 58 41.10	0.66	4.59	3.92	3.27	20.3441	19.2925	18.3616	17.0368	1
1285	16 32 35.991	-13 04 10.47	0.79	4.79	4.09	3.30	20.5419	19.4485	18.3887	17.1845	1
1299	16 32 36.032	-12 55 00.43	0.73	2.94	1.96	1.24	18.6900	17.3274	16.3281	15.1055	3
1303	16 32 35.930	-13 01 43.47	85.12	84.87	91.99	6.87	99.9999	99.9999	19.3243	18.1903	0
1311	16 32 35.897	-13 01 42.08	84.70	84.86	91.95	7.25	99.9999	99.9999	19.7271	18.6094	0
1317	16 32 35.858	-13 03 42.72	0.57	2.92	2.08	1.51	18.6694	17.4542	16.6067	15.4927	3
1322	16 32 35.848	-13 03 17.25	84.96	84.87	91.97	7.01	99.9999	99.9999	19.4782	18.2538	0
1323	16 32 35.838	-13 02 12.90	85.31	84.87	92.00	6.69	99.9999	99.9999	19.1470	18.1646	0
1324	16 32 35.808	-13 03 57.02	0.44	5.19	4.42	3.98	20.9457	19.8121	19.0807	18.0544	0
1330	16 32 35.803	-13 02 44.81	85.33	84.87	92.01	6.68	99.9999	99.9999	19.1308	17.9078	0
1332	16 32 35.721	-13 08 18.80	0.69	2.43	1.62	0.93	18.1831	16.9821	16.0183	14.9221	1
1341	16 32 35.609	-13 13 07.84	0.68	1.92	0.95	0.27	17.6697	16.3188	15.3649	14.2543	1
1344	16 32 35.703	-13 03 46.97	84.71	84.86	91.95	7.24	99.9999	99.9999	19.7108	18.6895	0
1349	16 32 35.643	-13 03 45.77	85.08	84.87	91.98	6.91	99.9999	99.9999	19.3677	18.1204	0
1359	16 32 35.596	-13 01 03.54	84.95	84.87	91.97	7.03	99.9999	99.9999	19.4908	18.3441	0
1362	16 32 35.545	-13 04 28.14	0.50	84.25	4.49	3.99	99.9999	19.8703	19.0840	18.1068	3
1367	16 32 35.480	-13 09 01.97	0.58	1.90	1.13	0.55	17.6547	16.5027	15.6424	14.5874	1
1390	16 32 35.429	-13 03 43.76	84.92	84.87	91.97	7.05	99.9999	99.9999	19.5202	18.2917	0
1392	16 32 35.429	-13 00 56.28	0.62	84.25	4.83	4.21	99.9999	20.2023	19.3058	18.1107	1
1412	16 32 35.309	-13 02 36.19	0.69	4.14	4.33	3.65	19.8897	19.7011	18.7413	17.6557	0
1414	16 32 35.299	-13 02 39.50	85.11	84.87	91.99	6.87	99.9999	99.9999	19.3323	18.1663	0
1418	16 32 35.240	-13 04 23.82	84.65	84.86	91.95	7.29	99.9999	99.9999	19.7666	18.5308	0
1419	16 32 35.249	-13 02 08.29	84.81	84.86	91.96	7.16	99.9999	99.9999	19.6244	18.2510	0
1421	16 32 35.225	-13 02 28.61	85.46	84.87	92.02	6.55	99.9999	99.9999	19.0025	17.9323	0
1425	16 32 35.206	-13 02 40.97	85.19	5.87	91.99	6.80	21.0030	99.9999	19.2619	17.8926	0
1439	16 32 35.147	-13 01 12.66	85.04	84.87	91.98	6.94	99.9999	99.9999	19.3982	18.3187	0
1445	16 32 35.129	-13 02 05.83	1.21	5.10	4.87	3.65	20.8410	20.1886	18.7316	17.7986	1
1449	16 32 35.111	-13 02 33.22	0.48	4.82	4.11	3.63	20.5762	19.4951	18.7283	17.4828	3
1450	16 32 35.065	-13 06 26.09	85.26	5.91	92.00	6.74	21.0390	99.9999	19.1988	18.1794	0
1456	16 32 35.042	-13 03 16.41	85.23	5.44	92.00	6.77	20.5758	99.9999	19.2269	17.7655	0
1457	16 32 35.035	-13 03 14.25	0.65	4.73	4.11	3.46	20.4843	19.4792	18.5526	17.3335	1
1459	16 32 35.003	-13 05 57.64	85.03	84.87	91.98	6.95	99.9999	99.9999	19.4163	18.3863	0
1461	16 32 35.015	-13 03 41.56	86.13	5.49	92.08	5.95	20.6130	99.9999	18.3740	16.9765	0
1464	16 32 35.039	-13 01 05.36	84.80	84.86	91.96	7.16	99.9999	99.9999	19.6333	18.3266	0
1466	16 32 34.959	-13 07 46.86	84.98	6.05	91.98	7.00	21.1890	99.9999	19.4628	18.2208	0
1467	16 32 34.974	-13 06 13.48	84.98	84.87	91.98	7.00	99.9999	99.9999	19.4587	18.2970	0
1470	16 32 35.025	-12 59 56.59	0.47	5.17	4.67	4.19	20.9214	20.0526	19.2941	18.0103	1
1472	16 32 34.965	-13 04 17.34	85.05	5.97	91.98	6.93	21.1000	99.9999	19.3919	17.8050	0
1473	16 32 34.970	-13 03 39.28	0.68	5.04	4.37	3.69	20.7866	19.7347	18.7828	17.8270	1
1474	16 32 34.967	-13 03 12.77	84.42	84.86	91.93	7.51	99.9999	99.9999	19.9899	18.8461	0
1476	16 32 34.959	-13 02 57.60	0.65	4.96	4.34	3.68	20.7127	19.7044	18.7770	17.4091	1
1477	16 32 34.953	-13 03 16.24	85.71	5.50	92.04	6.33	20.6290	99.9999	18.7659	17.7388	0
1483	16 32 34.922	-13 03 34.08	84.93	84.87	91.97	7.05	99.9999	99.9999	19.5109	18.2620	0
1484	16 32 34.922	-13 03 21.02	0.46	4.65	3.83	3.37	20.3985	19.2138	18.4704	17.2777	1
1488	16 32 34.892	-13 03 14.15	84.57	84.86	91.94	7.37	99.9999	99.9999	19.8496	18.3823	0
1489	16 32 34.923	-13 00 16.38	84.90	84.87	91.97	7.07	99.9999	99.9999	19.5345	18.3602	0
1493	16 32 34.886	-13 02 50.10	85.11	5.82	91.99	6.88	20.9540	99.9999	19.3405	18.0288	0
1496	16 32 34.849	-13 03 30.91	0.81	84.25	4.21	3.40	99.9999	19.5700	18.4926	17.2125	0
1499	16 32 34.820	-13 02 18.69	84.70	84.86	91.95	7.25	99.9999	99.9999	19.7252	18.8035	0
1504	16 32 34.798	-13 02 29.15	84.76	84.86	91.96	7.20	99.9999	99.9999	19.6699	18.5365	0
1505	16 32 34.774	-13 02 52.21	-0.12	4.29	4.20	4.32	20.0449	19.6333	19.4395	17.7448	3
1513	16 32 34.740	-13 03 46.83	85.63	84.87	92.03	6.40	99.9999	99.9999	18.8427	17.6255	0
1516	16 32 34.737	-13 03 26.20	84.93	84.87	91.97	7.04	99.9999	99.9999	19.5044	18.2286	0
1517	16 32 34.750	-13 02 17.34	85.23	84.87	92.00	6.77	99.9999	99.9999	19.2221	18.1825	0
1529	16 32 34.697	-13 02 43.71	0.10	84.25	4.51	4.41	99.9999	19.9293	19.5254	18.4762	3
1530	16 32 34.692	-13 02 51.30	0.60	84.25	5.10	4.50	99.9999	20.4746	19.5923	18.0031	3
1532	16 32 34.678	-13 03 47.63	85.96	5.10	92.06	6.10	20.2270	99.9999	18.5356	17.2756	0
1534	16 32 34.677	-13 03 33.43	86.02	5.09	92.07	6.05	20.2168	99.9999	18.4776	17.6201	0
1537	16 32 34.664	-13 02 22.43	84.92	84.87	91.97	7.05	99.9999	99.9999	19.5173	18.2946	0
1549	16 32 34.587	-13 05 04.91	84.94	84.87	91.97	7.03	99.9999	99.9999	19.4977	18.5142	0
1550	16 32 34.550	-13 07 56.87	84.81	84.86	91.96	7.15	99.9999	99.9999	19.6229	18.6363	0
1560	16 32 34.564	-13 02 46.97	0.59	3.80	2.91	2.33	19.5479	18.2898	17.4223	16.3304	1
1563	16 32 34.562	-13 01 47.38	84.86	84.86	91.96	7.11	99.9999	99.9999	19.5756	18.4562	0
1567	16 32 34.524	-13 04 18.72	84.64	84.86	91.95	7.31	99.9999	99.9999	19.7819	18.5109	0
1569	16 32 34.512	-13 04 03.17	84.89	84.86	91.97	7.08	99.9999	99.9999	19.5426	18.4662	0
1570	16 32 34.496	-13 04 06.92	84.92	5.93	91.97	7.05	21.0610	99.9999	19.5121	18.3016	0
1571	16 32 34.491	-13 03 52.66	85.06	84.87	91.98	6.93	99.9999	99.9999	19.3874	18.0993	0
1577	16 32 34.448	-13 05 55.91	84.90	84.87	91.97	7.06	99.9999	99.9999	19.5301	18.4436	0
1601	16 32 34.393	-13 02 52.43	0.18	5.03	3.88	3.70	20.7879	19.2867	18.8058	17.6297	1
1608	16 32 34.325	-13 05 17.13	84.70	84.86	91.95	7.25	99.9999	99.9999	19.7252	18.7471	0
1609	16 32 34.338	-13 03 50.88	85.30	84.87	92.00	6.71	99.9999	99.9999	19.1605	17.9843	0
1610	16 32 34.331	-13 03 41.48	0.64	84.25	4.37	3.73	99.9999	19.7414	18.8282	17.6539	1
1612	16 32 34.332	-13 03 32.18	85.08	6.31	91.98	6.91	21.4460	99.9999	19.3693	18.2382	0
1616	16 32 34.306	-13 04 19.27	85.16	84.87	91.99	6.83	99.9999	99.9999	19.2875	18.2565	0
1619	16 32 34.311	-13 03 09.61	0.72	4.96	4.04	3.33	20.7128	19.4052	18.4185	17.2355	1
1624	16 32 34.315	-13 02 21.09	85.80	5.82	92.05	6.24	20.9440	99.9999	18.6809	17.5173	0
1625	16 32 34.304	-13 03 16.28	0.70	4.50	3.82	3.11	20.2448	19.1801	18.2032	17.2780	3
1626	16 32 34.306	-13 03 02.33	0.91	5.11	4.58	3.66	20.8590	19.9233	18.7501	17.9234	1
1636	16 32 34.241	-13 03 53.37	0.59	4.67	3.85	3.26	20.4169	19.2279	18.3597	17.1938	1
1637	16 32 34.250	-13 02 38.96	0.63	4.98	4.16	3.53	20.7288	19.5334	18.6224	17.5854	1
1639	16 32 34.226	-13 03 11.99	0.33	4.76	3.66	3.33	20.5116	19.0569	18.4336	17.3385	1
1646	16 32 34.190	-13 04 39.90	0.51	5.14	4.38	3.87	20.8917	19.7635	18.9732	17.6259	1
1647	16 32 34.194	-13 03 10.98	0.59	4.18	3.63	3.04	19.9352	19.0003	18.1350	17.0913	1
1653	16 32 34.174	-13 01 50.00	0.52	4.52	3.85	3.33	20.2700	19.2280	18.4281	17.3330	3
1674	16 32 34.171	-12 55 52.98	1.35	4.77	3.21	1.85	20.5188	18.5162	16.9257	14.9142	1
1675	16 32 34.091	-13 03 01.36	85.15	84.87	91.99	6.84	99.9999	99.9999	19.2995	18.0451	0
1678	16 32 34.120	-12 59 13.93	85.08	84.87	91.98	6.91	99.9999	99.9999	19.3683	18.0768	0
1690	16 32 34.028	-13 03 18.45	0.74	2.65	1.95	1.22	18.4031	17.3148	16.3092	15.1619	1
1694	16 32 34.033	-13 02 22.48	85.21	5.90	92.00	6.79	21.0330	99.9999	19.2421	18.2658	0
1699	16 32 33.936	-13 09 33.37	0.92	4.71	3.52	2.60	20.4606	18.8660	17.6815	16.3659	1
1701	16 32 34.011	-13 01 53.14	85.00	84.87	91.98	6.98	99.9999	99.9999	19.4442	18.2532	0
1705	16 32 33.988	-13 02 39.78	85.08	84.87	91.98	6.91	99.9999	99.9999	19.3668	18.3001	0
1708	16 32 33.961	-13 04 05.49	0.56	4.13	3.45	2.89	19.8825	18.8232	17.9850	17.0478	1
1715	16 32 33.938	-13 03 18.38	0.66	5.05	3.61	2.94	20.7991	18.9750	18.0364	16.7550	1
1726	16 32 33.900	-13 03 35.80	0.92	84.25	4.46	3.54	99.9999	19.8079	18.6243	17.2364	1
1728	16 32 33.896	-13 02 51.27	0.32	3.75	2.78	2.46	19.5053	18.1779	17.5673	16.9976	3
1729	16 32 33.936	-12 58 59.78	0.83	84.25	4.83	3.99	99.9999	20.1819	19.0834	17.7224	1
1730	16 32 33.877	-13 03 51.83	84.91	84.87	91.97	7.06	99.9999	99.9999	19.5268	18.2355	0
1732	16 32 33.865	-13 04 43.09	85.19	84.87	91.99	6.80	99.9999	99.9999	19.2599	18.1363	0
1735	16 32 33.866	-13 03 15.12	0.72	4.93	4.21	3.48	20.6838	19.5681	18.5732	17.4666	1
1738	16 32 33.776	-13 10 44.96	0.65	2.65	1.80	1.15	18.4005	17.1723	16.2453	15.1790	3
1739	16 32 33.854	-13 03 22.63	0.30	4.68	3.37	3.08	20.4289	18.7715	18.1810	16.8312	1
1742	16 32 33.841	-13 03 16.84	0.62	4.78	3.78	3.16	20.5312	19.1475	18.2511	17.3111	1
1744	16 32 33.839	-13 02 39.10	0.70	4.65	3.92	3.22	20.4046	19.2869	18.3145	17.2828	1
1747	16 32 33.822	-13 03 08.15	0.79	5.17	4.54	3.75	20.9186	19.9007	18.8432	17.6030	1
1748	16 32 33.817	-13 03 00.59	0.48	4.89	4.20	3.71	20.6384	19.5792	18.8107	17.5480	1
1754	16 32 33.786	-13 04 17.51	85.00	84.87	91.98	6.98	99.9999	99.9999	19.4383	18.2742	0
1755	16 32 33.792	-13 03 43.24	0.73	4.71	3.97	3.24	20.4627	19.3327	18.3314	17.1756	1
1758	16 32 33.791	-13 03 20.33	85.77	5.23	92.04	6.28	20.3590	99.9999	18.7140	17.1688	0
1761	16 32 33.760	-13 05 23.54	0.40	84.25	4.83	4.43	99.9999	20.2255	19.5351	18.0772	1
1768	16 32 33.735	-13 03 40.45	0.39	5.11	4.13	3.75	20.8603	19.5248	18.8489	17.7548	0
1770	16 32 33.740	-13 02 29.32	85.29	84.87	92.00	6.71	99.9999	99.9999	19.1633	17.9410	0
1771	16 32 33.728	-13 03 17.74	85.24	5.96	92.00	6.76	21.0950	99.9999	19.2155	18.0760	0
1772	16 32 33.734	-13 02 34.98	85.70	84.87	92.04	6.34	99.9999	99.9999	18.7823	17.7203	0
1780	16 32 33.675	-13 03 09.54	0.80	4.80	4.09	3.29	20.5486	19.4417	18.3766	16.7616	1
1784	16 32 33.661	-13 03 35.29	0.51	4.27	3.39	2.88	20.0181	18.7703	17.9760	17.3471	1
1788	16 32 33.635	-13 03 43.59	85.11	84.87	91.99	6.88	99.9999	99.9999	19.3356	18.3190	0
1801	16 32 33.583	-13 04 24.33	85.86	5.32	92.05	6.20	20.4450	99.9999	18.6323	17.6490	0
1802	16 32 33.587	-13 03 45.99	84.96	84.87	91.97	7.02	99.9999	99.9999	19.4828	18.4055	0
1803	16 32 33.585	-13 03 36.48	0.70	4.49	3.76	3.07	20.2418	19.1268	18.1580	17.1083	1
1804	16 32 33.596	-13 02 36.90	85.79	84.87	92.05	6.26	99.9999	99.9999	18.6950	17.7156	0
1805	16 32 33.557	-13 05 34.31	85.21	84.87	92.00	6.79	99.9999	99.9999	19.2438	18.4031	0
1823	16 32 33.506	-13 05 33.20	85.65	5.43	92.03	6.38	20.5550	99.9999	18.8274	17.6482	0
1824	16 32 33.515	-13 04 33.21	85.23	84.87	92.00	6.77	99.9999	99.9999	19.2251	18.2403	0
1831	16 32 33.475	-13 04 06.35	0.70	2.04	1.10	0.39	17.7868	16.4609	15.4843	14.2964	3
1832	16 32 33.469	-13 04 21.39	84.95	84.87	91.97	7.03	99.9999	99.9999	19.4922	18.3199	0
1837	16 32 33.458	-13 02 58.98	85.35	84.87	92.01	6.66	99.9999	99.9999	19.1095	18.0919	0
1848	16 32 33.423	-13 03 21.71	0.78	84.25	4.68	3.90	99.9999	20.0339	18.9877	17.9838	1
1851	16 32 33.416	-13 03 16.05	0.96	84.25	4.10	3.14	99.9999	19.4409	18.2228	17.3540	0
1860	16 32 33.378	-13 02 28.29	84.73	84.86	91.95	7.22	99.9999	99.9999	19.6959	18.7065	0
1870	16 32 33.350	-13 00 13.67	85.03	84.87	91.98	6.95	99.9999	99.9999	19.4127	18.2472	0
1875	16 32 33.275	-13 04 23.08	84.82	84.86	91.96	7.14	99.9999	99.9999	19.6090	18.0350	0
1876	16 32 33.275	-13 04 08.09	0.62	5.20	4.18	3.56	20.9461	19.5515	18.6567	17.4257	0
1891	16 32 33.236	-13 03 12.40	0.69	4.50	3.94	3.25	20.2468	19.3013	18.3392	17.3568	1
1892	16 32 33.243	-13 02 01.78	84.68	84.86	91.95	7.27	99.9999	99.9999	19.7435	18.3996	0
1894	16 32 33.228	-13 03 04.58	0.27	4.25	3.47	3.20	19.9997	18.8769	18.3067	17.3805	1
1900	16 32 33.217	-13 02 22.24	85.73	4.80	92.04	6.31	19.9315	99.9999	18.7539	17.6551	0
1901	16 32 33.214	-13 02 15.92	0.88	4.47	4.12	3.24	20.2229	19.4739	18.3312	17.0501	0
1907	16 32 33.183	-13 03 21.29	85.64	5.40	92.03	6.40	20.5340	99.9999	18.8389	17.4340	0
1908	16 32 33.176	-13 03 46.22	0.08	4.67	3.66	3.58	20.4245	19.0786	18.6880	18.2817	1
1909	16 32 33.177	-13 03 35.28	0.78	84.25	4.12	3.35	99.9999	19.4808	18.4367	17.2924	1
1915	16 32 33.153	-13 03 43.01	84.75	84.86	91.96	7.20	99.9999	99.9999	19.6726	18.4295	0
1916	16 32 33.158	-13 03 07.32	0.70	4.36	3.72	3.02	20.1110	19.0878	18.1164	17.1102	1
1922	16 32 33.139	-13 03 13.70	0.75	4.71	4.28	3.53	20.4592	19.6373	18.6219	17.5739	3
1927	16 32 33.118	-13 03 25.75	85.82	4.38	92.05	6.23	19.5090	99.9999	18.6669	17.4284	0
1930	16 32 33.111	-13 03 09.33	0.40	84.25	3.63	3.23	99.9999	19.0246	18.3363	17.3231	3
1936	16 32 33.061	-13 02 47.72	0.51	5.24	4.43	3.92	20.9902	19.8138	19.0178	17.9442	1
1937	16 32 33.033	-13 05 12.76	84.68	84.86	91.95	7.27	99.9999	99.9999	19.7394	18.6611	0
1939	16 32 33.030	-13 04 47.71	84.97	84.87	91.97	7.01	99.9999	99.9999	19.4692	18.3785	0
1940	16 32 33.036	-13 03 47.15	85.37	84.87	92.01	6.64	99.9999	99.9999	19.0877	17.8377	0
1941	16 32 33.015	-13 05 23.75	84.53	84.86	91.94	7.40	99.9999	99.9999	19.8804	18.6261	0
1947	16 32 32.988	-13 04 02.12	84.76	6.29	91.96	7.20	21.4270	99.9999	19.6714	18.5170	0
1951	16 32 32.964	-13 05 27.75	84.81	84.86	91.96	7.15	99.9999	99.9999	19.6154	18.6117	0
1952	16 32 32.971	-13 04 29.94	84.81	6.11	91.96	7.15	21.2430	99.9999	19.6177	18.5084	0
1964	16 32 32.947	-13 03 57.89	84.90	84.87	91.97	7.07	99.9999	99.9999	19.5322	18.2619	0
1965	16 32 32.936	-13 03 26.47	0.68	5.47	4.66	3.97	21.2209	20.0228	19.0682	17.7772	1
1966	16 32 32.930	-13 03 54.61	85.05	84.87	91.98	6.93	99.9999	99.9999	19.3930	18.3124	0
1967	16 32 32.920	-13 04 42.50	0.15	1.75	0.60	0.46	17.4988	16.0163	15.5657	14.9365	3
1970	16 32 32.921	-13 03 37.08	85.73	84.87	92.04	6.31	99.9999	99.9999	18.7551	17.7126	0
1977	16 32 32.922	-13 02 40.06	84.61	84.86	91.94	7.33	99.9999	99.9999	19.8100	18.3541	0
1982	16 32 32.903	-13 02 37.80	0.45	4.69	3.82	3.37	20.4449	19.2110	18.4731	17.3898	1
1984	16 32 32.889	-13 03 45.61	0.83	84.25	4.90	4.07	99.9999	20.2508	19.1548	18.1402	1
1990	16 32 32.862	-13 03 52.57	0.24	4.65	3.95	3.71	20.4005	19.3562	18.8146	17.6343	1
1991	16 32 32.841	-13 05 29.75	84.94	6.03	91.97	7.04	21.1610	99.9999	19.5007	18.3344	0
1995	16 32 32.842	-13 03 09.21	0.86	4.12	3.18	2.32	19.8661	18.5295	17.4060	15.9813	3
1997	16 32 32.845	-13 02 49.66	0.65	84.25	3.28	2.63	99.9999	18.6472	17.7207	16.3120	1
1999	16 32 32.842	-13 02 32.04	0.74	4.62	3.55	2.82	20.3743	18.9139	17.9067	16.9316	1
2001	16 32 32.821	-13 03 59.88	0.18	1.36	0.21	0.04	17.1154	15.6225	15.1456	14.2975	3
2004	16 32 32.833	-13 02 19.57	0.42	4.47	3.48	3.06	20.2200	18.8686	18.1638	17.2603	1
2006	16 32 32.817	-13 03 24.23	0.61	5.11	4.21	3.60	20.8565	19.5832	18.6929	17.5198	3
2013	16 32 32.776	-13 03 36.45	0.78	5.07	4.33	3.55	20.8193	19.6901	18.6430	18.0300	1
2020	16 32 32.760	-13 03 46.88	0.58	4.66	3.90	3.32	20.4056	19.2761	18.4162	17.3848	1
2023	16 32 32.722	-13 06 22.13	85.12	5.72	91.99	6.87	20.8510	99.9999	19.3277	18.1808	0
2024	16 32 32.755	-13 03 18.81	1.05	3.33	2.06	1.01	19.0814	17.3962	16.0948	14.5531	3
2025	16 32 32.740	-13 04 17.01	0.36	84.25	4.40	4.04	99.9999	19.7955	19.1430	17.8517	3
2028	16 32 32.745	-13 02 05.81	0.72	4.98	4.34	3.63	20.7258	19.7077	18.7208	17.6599	1
2030	16 32 32.707	-13 05 12.79	85.11	84.87	91.99	6.88	99.9999	99.9999	19.3352	18.2996	0
2038	16 32 32.696	-13 03 31.79	0.91	4.23	3.17	2.26	19.9767	18.5141	17.3466	15.9654	3
2039	16 32 32.698	-13 03 25.46	1.02	5.05	4.47	3.45	20.7969	19.8069	18.5366	17.2452	1
2042	16 32 32.676	-13 04 28.32	85.44	5.66	92.02	6.57	20.7920	99.9999	19.0209	17.8783	0
2047	16 32 32.677	-13 03 01.88	0.71	4.92	4.31	3.60	20.6694	19.6715	18.6882	17.3470	1
2053	16 32 32.646	-13 03 08.35	0.78	4.55	3.54	2.76	20.2992	18.8946	17.8485	16.4300	3
2059	16 32 32.595	-13 03 32.00	0.61	5.21	4.18	3.57	20.9641	19.5510	18.6639	17.5869	3
2069	16 32 32.601	-13 00 02.35	84.72	84.86	91.95	7.24	99.9999	99.9999	19.7080	18.5338	0
2075	16 32 32.539	-13 02 58.47	0.66	4.52	3.71	3.04	20.2675	19.0759	18.1381	17.4533	1
2079	16 32 32.499	-13 03 17.73	0.45	4.20	3.44	2.99	19.9554	18.8295	18.0899	16.9845	1
2080	16 32 32.382	-13 13 37.85	0.76	3.32	2.18	1.42	19.0669	17.5430	16.5147	15.3488	3
2093	16 32 32.443	-13 03 54.21	0.92	84.25	5.18	4.26	99.9999	20.5254	19.3480	18.3309	3
2094	16 32 32.427	-13 04 33.63	0.48	84.25	4.69	4.21	99.9999	20.0718	19.3069	18.0396	3
2095	16 32 32.434	-13 03 50.36	0.71	84.25	5.03	4.32	99.9999	20.3982	19.4174	18.2133	3
2098	16 32 32.407	-13 03 24.48	0.58	4.25	3.77	3.19	20.0005	19.1432	18.2867	17.3790	1
2104	16 32 32.384	-13 04 56.77	84.91	84.87	91.97	7.06	99.9999	99.9999	19.5299	18.3912	0
2108	16 32 32.385	-13 03 45.09	0.89	5.36	4.75	3.87	21.1118	20.1030	18.9531	17.9839	1
2115	16 32 32.368	-13 03 17.16	0.67	4.37	3.85	3.18	20.1237	19.2164	18.2717	17.2637	1
2116	16 32 32.365	-13 03 20.37	85.47	5.95	92.02	6.54	21.0840	99.9999	18.9919	17.6950	0
2121	16 32 32.351	-13 03 13.49	0.35	84.25	3.88	3.53	99.9999	19.2737	18.6348	17.4210	1
2126	16 32 32.350	-13 02 16.21	84.47	84.86	91.93	7.46	99.9999	99.9999	19.9433	18.4412	0
2129	16 32 32.331	-13 03 15.97	0.55	4.01	3.14	2.60	19.7638	18.5221	17.6927	16.3829	1
2133	16 32 32.342	-13 01 11.78	84.62	84.86	91.94	7.33	99.9999	99.9999	19.8020	18.3708	0
2136	16 32 32.300	-13 03 05.78	0.94	3.74	3.15	2.21	19.4867	18.4934	17.2945	16.4820	1
2142	16 32 32.254	-13 02 58.38	0.77	5.30	4.71	3.93	21.0518	20.0669	19.0238	17.7051	1
2150	16 32 32.222	-13 03 15.08	0.66	5.10	4.07	3.41	20.8493	19.4386	18.5062	17.4801	3
2152	16 32 32.199	-13 04 13.66	0.74	4.53	3.87	3.14	20.2772	19.2348	18.2282	17.4619	1
2157	16 32 32.117	-13 11 00.97	0.61	3.27	2.55	1.94	19.0249	17.9238	17.0400	16.0080	3
2159	16 32 32.187	-13 03 51.05	85.83	5.48	92.05	6.22	20.6110	99.9999	18.6527	17.7184	0
2160	16 32 32.241	-12 58 28.07	84.93	84.87	91.97	7.05	99.9999	99.9999	19.5107	18.2485	0
2166	16 32 32.194	-13 00 24.34	84.69	84.86	91.95	7.26	99.9999	99.9999	19.7326	18.6591	0
2174	16 32 32.139	-13 02 04.07	84.88	84.86	91.97	7.08	99.9999	99.9999	19.5513	18.2516	0
2175	16 32 32.115	-13 03 48.88	0.62	84.25	4.39	3.77	99.9999	19.7635	18.8656	17.8972	1
2179	16 32 32.097	-13 03 45.33	0.91	4.63	4.26	3.35	20.3755	19.6091	18.4406	17.1772	3
2180	16 32 32.113	-13 01 46.61	0.42	4.57	3.87	3.46	20.3202	19.2646	18.5593	17.4202	1
2181	16 32 32.090	-13 03 11.86	0.68	2.13	1.24	0.57	17.8839	16.6113	15.6600	14.3999	3
2185	16 32 32.072	-13 03 39.83	0.60	4.56	3.89	3.29	20.3141	19.2675	18.3895	17.4603	1
2190	16 32 32.068	-13 02 12.38	84.62	84.86	91.94	7.32	99.9999	99.9999	19.7995	18.4726	0
2194	16 32 32.048	-13 03 10.45	0.41	3.51	2.80	2.39	19.2595	18.1931	17.4961	16.3550	1
2195	16 32 32.050	-13 02 31.39	84.92	84.87	91.97	7.05	99.9999	99.9999	19.5191	18.4834	0
2198	16 32 32.027	-13 03 14.00	0.61	4.71	3.70	3.09	20.4554	19.0721	18.1829	16.8987	3
2199	16 32 32.016	-13 04 01.77	85.26	84.87	92.00	6.74	99.9999	99.9999	19.1937	18.1141	0
2204	16 32 32.000	-13 03 57.68	0.87	84.25	5.02	4.15	99.9999	20.3729	19.2393	18.1328	1
2205	16 32 32.019	-13 01 59.08	85.19	5.75	91.99	6.80	20.8860	99.9999	19.2589	17.8964	0
2211	16 32 31.973	-13 03 48.19	0.49	5.00	4.26	3.77	20.7538	19.6464	18.8742	17.9685	3
2214	16 32 31.967	-13 03 41.13	0.45	5.15	4.12	3.66	20.9003	19.5034	18.7651	17.7223	1
2218	16 32 31.950	-13 03 26.97	0.63	5.58	4.41	3.78	21.3337	19.7823	18.8725	17.7209	1
2220	16 32 32.039	-12 54 37.27	0.70	4.01	3.09	2.39	19.7601	18.4507	17.4816	16.4665	1
2224	16 32 31.912	-13 05 10.45	84.80	84.86	91.96	7.16	99.9999	99.9999	19.6284	18.6537	0
2227	16 32 31.925	-13 02 26.03	0.65	84.25	4.17	3.52	99.9999	19.5375	18.6094	17.1169	1
2233	16 32 31.900	-13 03 38.30	0.72	4.49	3.76	3.04	20.2358	19.1198	18.1332	16.9520	3
2237	16 32 31.892	-13 02 55.83	0.57	84.25	3.98	3.41	99.9999	19.3555	18.5103	17.3819	1
2239	16 32 31.869	-13 03 06.18	0.50	84.25	4.27	3.78	99.9999	19.6539	18.8743	17.8357	1
2240	16 32 31.859	-13 03 55.58	84.65	84.86	91.95	7.30	99.9999	99.9999	19.7721	18.6778	0
2249	16 32 31.853	-13 01 45.33	0.76	84.25	5.05	4.29	99.9999	20.4087	19.3818	18.1775	1
2250	16 32 31.830	-13 03 32.14	0.29	5.24	4.18	3.88	20.9885	19.5779	18.9899	18.1554	1
2251	16 32 31.811	-13 04 29.18	0.24	84.25	4.30	4.07	99.9999	19.7089	19.1729	18.1825	1
2256	16 32 31.785	-13 03 19.86	86.51	5.10	92.11	5.60	20.2250	99.9999	18.0109	16.5418	0
2260	16 32 31.765	-13 04 44.04	84.99	84.87	91.98	6.99	99.9999	99.9999	19.4533	18.2787	0
2269	16 32 31.755	-13 03 30.72	85.25	84.87	92.00	6.75	99.9999	99.9999	19.2040	17.7787	0
2279	16 32 31.711	-13 03 21.79	1.05	2.95	1.77	0.72	18.6955	17.1013	15.7974	14.3136	3
2282	16 32 31.702	-13 03 33.67	0.86	3.10	2.08	1.22	18.8466	17.4296	16.3072	14.9422	1
2284	16 32 31.694	-13 03 25.77	1.10	4.52	3.33	2.23	20.2706	18.6567	17.3098	15.8643	1
2285	16 32 31.686	-13 03 59.03	0.73	4.57	3.64	2.91	20.3169	19.0012	18.0047	16.7361	3
2294	16 32 31.657	-13 04 36.21	85.09	84.87	91.99	6.89	99.9999	99.9999	19.3508	18.4675	0
2295	16 32 31.570	-13 11 28.61	0.55	0.85	0.17	-0.38	16.5993	15.5528	14.7208	13.6909	3
2298	16 32 31.662	-13 02 42.02	0.61	4.71	4.01	3.40	20.4562	19.3861	18.4963	17.2783	1
2305	16 32 31.672	-12 59 48.73	0.75	4.05	3.37	2.61	19.7962	18.7289	17.7059	16.3951	1
2310	16 32 31.561	-13 07 00.31	0.57	2.07	1.24	0.67	17.8235	16.6115	15.7619	14.7030	1
2313	16 32 31.575	-13 03 42.19	0.45	5.02	4.27	3.82	20.7749	19.6560	18.9230	17.4118	1
2319	16 32 31.485	-13 09 29.61	0.88	4.17	2.89	2.01	19.9169	18.2412	17.0983	15.8300	1
2322	16 32 31.538	-13 04 12.19	85.12	6.12	91.99	6.87	21.2490	99.9999	19.3292	18.1593	0
2324	16 32 31.543	-13 03 04.83	0.30	4.40	3.59	3.29	20.1571	18.9902	18.3970	17.1076	1
2325	16 32 31.534	-13 03 49.74	0.68	5.17	4.39	3.70	20.9191	19.7539	18.7976	17.7413	1
2326	16 32 31.546	-13 02 35.30	0.62	5.33	4.39	3.77	21.0843	19.7656	18.8678	17.6965	3
2327	16 32 31.569	-13 00 08.76	1.17	84.25	4.19	3.02	99.9999	19.5157	18.1022	16.3337	1
2328	16 32 31.539	-13 02 37.81	85.02	5.83	91.98	6.96	20.9610	99.9999	19.4177	18.0577	0
2336	16 32 31.533	-13 02 09.69	84.62	6.19	91.94	7.32	21.3288	99.9999	19.7951	18.7015	0
2337	16 32 31.553	-13 00 01.13	84.81	84.86	91.96	7.16	99.9999	99.9999	19.6243	18.2787	0
2340	16 32 31.511	-13 03 27.07	0.77	84.25	4.79	4.01	99.9999	20.1448	19.1046	17.5152	1
2343	16 32 31.499	-13 04 00.75	0.58	4.77	4.34	3.76	20.5173	19.7185	18.8569	17.9826	1
2344	16 32 31.508	-13 03 06.77	85.63	84.87	92.03	6.41	99.9999	99.9999	18.8489	17.5468	0
2349	16 32 31.510	-13 02 13.41	84.53	84.86	91.94	7.41	99.9999	99.9999	19.8864	18.6251	0
2354	16 32 31.498	-13 02 22.18	0.58	84.25	4.12	3.55	99.9999	19.4980	18.6432	17.5683	3
2355	16 32 31.487	-13 02 55.80	0.31	84.25	3.60	3.29	99.9999	19.0020	18.3950	16.9773	1
2360	16 32 31.422	-13 02 49.67	86.18	5.07	92.08	5.90	20.2000	99.9999	18.3299	17.2185	0
2363	16 32 31.411	-13 03 07.97	0.72	84.25	3.96	3.24	99.9999	19.3220	18.3272	17.1654	3
2372	16 32 31.388	-13 02 59.91	1.02	2.76	1.20	0.18	18.5044	16.5357	15.2620	13.6918	1
2375	16 32 31.363	-13 04 45.38	84.71	6.04	91.95	7.24	21.1730	99.9999	19.7139	18.6614	0
2377	16 32 31.434	-12 58 16.61	85.04	84.87	91.98	6.94	99.9999	99.9999	19.3990	18.1787	0
2387	16 32 31.339	-13 03 08.78	0.63	4.30	3.68	3.05	20.0533	19.0561	18.1496	16.9274	1
2391	16 32 31.334	-13 02 36.98	84.83	84.86	91.96	7.13	99.9999	99.9999	19.6022	18.0814	0
2394	16 32 31.321	-13 02 50.45	0.26	3.68	2.71	2.44	19.4293	18.1113	17.5512	16.4990	1
2398	16 32 31.285	-13 05 05.90	85.06	84.87	91.98	6.92	99.9999	99.9999	19.3808	18.3448	0
2399	16 32 31.316	-13 02 13.31	84.93	84.87	91.97	7.04	99.9999	99.9999	19.5019	18.2129	0
2404	16 32 31.266	-13 04 03.67	0.62	84.25	4.31	3.68	99.9999	19.6796	18.7794	17.9916	1
2406	16 32 31.275	-13 02 28.06	0.69	84.25	5.01	4.32	99.9999	20.3754	19.4098	18.1265	3
2407	16 32 31.239	-13 03 10.65	1.09	5.06	4.35	3.26	20.8050	19.6830	18.3453	17.1615	1
2417	16 32 31.199	-13 03 15.70	0.79	3.97	3.42	2.64	19.7198	18.7826	17.7298	16.5875	1
2418	16 32 31.151	-13 06 59.15	0.47	1.35	0.55	0.08	17.0979	15.9390	15.1820	14.1761	1
2427	16 32 31.150	-13 04 06.05	0.72	4.88	4.19	3.47	20.6281	19.5539	18.5627	17.6110	3
2428	16 32 31.159	-13 03 05.24	85.32	5.39	92.01	6.69	20.5200	99.9999	19.1389	17.9783	0
2432	16 32 31.145	-13 03 00.88	0.28	84.25	3.61	3.33	99.9999	19.0123	18.4360	16.6494	1
2439	16 32 31.134	-13 02 32.31	0.50	4.52	3.80	3.30	20.2691	19.1841	18.3991	17.2960	1
2443	16 32 31.114	-13 03 13.55	0.77	84.25	4.61	3.84	99.9999	19.9693	18.9351	17.8646	1
2447	16 32 31.108	-13 03 07.57	0.55	4.77	4.08	3.53	20.5230	19.4578	18.6271	17.6421	1
2451	16 32 31.099	-13 02 38.32	85.39	84.87	92.01	6.62	99.9999	99.9999	19.0749	17.8770	0
2452	16 32 31.068	-13 04 32.27	84.79	84.86	91.96	7.17	99.9999	99.9999	19.6421	18.3570	0
2460	16 32 31.029	-13 04 19.39	85.22	5.78	92.00	6.77	20.9080	99.9999	19.2307	18.0900	0
2465	16 32 31.086	-12 56 57.19	84.80	5.47	91.96	7.16	20.6048	99.9999	19.6251	18.5756	0
2472	16 32 30.995	-13 03 40.89	-0.09	5.19	4.03	4.12	20.9415	19.4621	19.2371	99.9999	1
2473	16 32 31.006	-13 02 37.66	0.21	4.46	3.61	3.40	20.2084	19.0196	18.5055	17.3746	1
2474	16 32 31.018	-13 01 28.80	85.40	84.87	92.01	6.61	99.9999	99.9999	19.0640	18.0644	0
2477	16 32 30.983	-13 04 16.14	84.74	6.20	91.96	7.21	21.3340	99.9999	19.6839	18.4089	0
2480	16 32 30.977	-13 03 36.37	0.82	84.25	5.03	4.21	99.9999	20.3802	19.2953	18.0596	1
2481	16 32 30.976	-13 03 09.44	0.47	4.76	3.98	3.51	20.5089	19.3674	18.6134	17.3759	1
2491	16 32 30.919	-13 03 07.33	87.26	84.88	92.17	4.91	99.9999	99.9999	17.3026	16.0112	0
2497	16 32 30.871	-13 04 51.96	84.98	5.92	91.98	7.00	21.0530	99.9999	19.4596	18.3489	0
2502	16 32 30.847	-13 04 38.78	0.57	84.25	4.72	4.15	99.9999	20.0998	19.2498	18.1968	1
2503	16 32 30.893	-13 00 18.44	0.21	84.25	4.31	4.10	99.9999	19.7144	19.2074	17.8678	1
2507	16 32 30.836	-13 03 59.96	85.29	5.85	92.00	6.72	20.9810	99.9999	19.1704	18.1632	0
2519	16 32 30.788	-13 03 57.42	0.43	4.34	3.42	2.99	20.0872	18.8124	18.0945	17.0059	1
2523	16 32 30.793	-13 02 51.34	0.94	84.25	4.43	3.50	99.9999	19.7785	18.5841	17.4264	1
2524	16 32 30.789	-13 03 04.93	0.80	84.25	3.24	2.44	99.9999	18.5921	17.5266	16.4722	1
2530	16 32 30.764	-13 02 48.11	0.79	84.25	4.15	3.36	99.9999	19.5081	18.4478	17.1963	3
2531	16 32 30.760	-13 03 04.49	0.97	3.14	2.51	1.54	18.8857	17.8494	16.6210	15.4986	1
2534	16 32 30.707	-13 06 26.47	85.01	5.39	91.98	6.97	20.5268	99.9999	19.4281	18.1366	0
2535	16 32 30.731	-13 04 14.09	0.98	5.11	4.83	3.85	20.8616	20.1700	18.9332	17.8757	1
2537	16 32 30.718	-13 03 56.84	0.98	4.61	4.41	3.43	20.3532	19.7551	18.5169	17.5598	1
2545	16 32 30.709	-13 02 32.63	85.47	84.87	92.02	6.55	99.9999	99.9999	18.9942	17.6931	0
2547	16 32 30.711	-13 02 14.56	84.64	84.86	91.95	7.31	99.9999	99.9999	19.7791	18.6744	0
2551	16 32 30.598	-13 11 21.61	0.77	4.48	3.69	2.92	20.2313	19.0515	18.0145	16.8265	1
2552	16 32 30.700	-13 01 54.05	84.80	84.86	91.96	7.16	99.9999	99.9999	19.6338	18.4229	0
2562	16 32 30.677	-13 01 26.17	85.14	84.87	91.99	6.85	99.9999	99.9999	19.3100	18.2185	0
2566	16 32 30.628	-13 04 54.90	85.07	84.87	91.98	6.91	99.9999	99.9999	19.3738	18.4494	0
2567	16 32 30.616	-13 05 20.31	85.10	84.87	91.99	6.88	99.9999	99.9999	19.3424	18.2711	0
2569	16 32 30.631	-13 03 26.92	0.91	4.63	4.16	3.24	20.3764	19.5027	18.3303	17.3898	1
2574	16 32 30.600	-13 03 42.73	85.84	5.40	92.05	6.21	20.5240	99.9999	18.6444	17.4919	0
2577	16 32 30.590	-13 03 44.36	0.49	84.25	3.88	3.38	99.9999	19.2596	18.4824	17.3667	3
2578	16 32 30.563	-13 04 38.10	0.70	4.32	3.28	2.58	20.0699	18.6456	17.6747	16.4300	3
2579	16 32 30.574	-13 03 18.36	0.39	4.19	3.40	3.01	19.9428	18.7901	18.1111	17.0580	1
2580	16 32 30.580	-13 02 35.48	84.89	84.86	91.97	7.08	99.9999	99.9999	19.5488	18.2306	0
2581	16 32 30.569	-13 03 29.41	85.50	84.87	92.02	6.52	99.9999	99.9999	18.9645	17.4175	0
2583	16 32 30.560	-13 03 04.73	0.44	4.35	3.68	3.24	20.0978	19.0656	18.3377	17.0284	1
2585	16 32 30.527	-13 05 14.55	84.59	84.86	91.94	7.35	99.9999	99.9999	19.8247	18.7425	0
2593	16 32 30.507	-13 04 17.32	0.30	4.97	4.33	4.03	20.7239	19.7291	19.1369	17.9047	3
2598	16 32 30.485	-13 04 35.24	84.94	84.87	91.97	7.04	99.9999	99.9999	19.5003	18.3804	0
2601	16 32 30.490	-13 03 40.07	0.42	3.74	3.03	2.60	19.4965	18.4164	17.7058	16.6712	1
2606	16 32 30.473	-13 02 43.74	86.49	5.29	92.11	5.61	20.4128	99.9999	18.0309	16.6812	0
2609	16 32 30.465	-13 02 46.63	0.37	84.25	4.05	3.69	99.9999	19.4489	18.7896	17.6291	3
2618	16 32 30.440	-13 02 05.52	0.71	84.25	4.75	4.04	99.9999	20.1161	19.1359	17.9531	1
2620	16 32 30.428	-13 02 30.94	0.51	5.06	4.10	3.58	20.8063	19.4768	18.6800	17.5267	3
2624	16 32 30.378	-13 02 34.26	84.55	84.86	91.94	7.39	99.9999	99.9999	19.8663	18.5326	0
2627	16 32 30.349	-13 03 23.34	0.01	4.64	3.89	3.89	20.3947	19.3174	19.0008	17.9688	0
2631	16 32 30.258	-13 10 46.86	0.54	1.94	1.28	0.74	17.6956	16.6621	15.8420	14.8158	3
2634	16 32 30.314	-13 05 19.92	84.73	84.86	91.95	7.22	99.9999	99.9999	19.6929	18.6477	0
2637	16 32 30.333	-13 02 51.49	0.67	84.25	4.59	3.92	99.9999	19.9570	19.0174	17.8765	1
2644	16 32 30.306	-13 03 50.85	84.70	84.86	91.95	7.25	99.9999	99.9999	19.7234	18.4872	0
2646	16 32 30.297	-13 04 05.90	0.86	4.23	3.96	3.11	19.9748	19.3152	18.1962	99.9999	0
2649	16 32 30.309	-13 02 25.66	84.44	6.30	91.93	7.49	21.4400	99.9999	19.9679	18.8212	0
2651	16 32 30.267	-13 05 15.91	84.79	84.86	91.96	7.17	99.9999	99.9999	19.6353	18.6908	0
2654	16 32 30.269	-13 03 17.76	1.18	2.36	0.67	-0.51	18.1047	15.9916	14.5630	12.9144	3
2655	16 32 30.263	-13 03 44.24	0.60	5.16	4.55	3.95	20.9110	19.9254	19.0482	17.9968	3
2656	16 32 30.276	-13 02 16.51	0.62	84.25	4.38	3.76	99.9999	19.7515	18.8528	17.6184	1
2657	16 32 30.266	-13 02 55.67	0.63	4.23	3.79	3.16	19.9811	19.1611	18.2546	17.7287	3
2658	16 32 30.259	-13 03 19.32	0.49	4.42	3.54	3.04	20.1695	18.9199	18.1424	16.8306	1
2659	16 32 30.256	-13 03 16.34	0.79	84.25	3.41	2.62	99.9999	18.7652	17.7071	16.5352	0
2660	16 32 30.246	-13 03 57.24	0.64	4.40	3.79	3.15	20.1475	19.1570	18.2413	17.1555	3
2665	16 32 30.233	-13 03 32.90	0.84	4.51	3.71	2.87	20.2604	19.0595	17.9559	16.7050	1
2667	16 32 30.259	-13 00 18.29	84.83	84.86	91.96	7.13	99.9999	99.9999	19.5985	18.2565	0
2668	16 32 30.223	-13 02 56.38	0.62	84.25	3.81	3.20	99.9999	19.1854	18.2905	17.4541	1
2670	16 32 30.205	-13 03 20.63	1.11	2.62	1.08	-0.03	18.3714	16.4073	15.0483	13.4806	3
2681	16 32 30.181	-13 02 16.92	0.59	84.25	4.34	3.75	99.9999	19.7108	18.8416	17.6085	1
2682	16 32 30.173	-13 02 54.89	0.80	84.25	4.37	3.58	99.9999	19.7303	18.6670	17.6855	1
2685	16 32 30.186	-13 00 59.72	85.62	84.87	92.03	6.42	99.9999	99.9999	18.8594	17.6704	0
2690	16 32 30.134	-13 03 18.45	0.84	4.44	3.99	3.15	20.1838	19.3426	18.2387	17.0330	1
2691	16 32 30.135	-13 03 07.06	0.63	3.98	3.41	2.78	19.7336	18.7838	17.8756	16.4032	1
2693	16 32 30.131	-13 02 29.74	85.35	5.97	92.01	6.65	21.1060	99.9999	19.1066	17.8760	0
2695	16 32 30.112	-13 03 01.44	0.45	3.94	3.36	2.90	19.6880	18.7424	18.0049	16.8045	1
2699	16 32 30.077	-13 04 28.92	0.53	4.13	3.45	2.91	19.8833	18.8252	18.0092	16.9398	1
2700	16 32 30.080	-13 04 02.98	84.56	84.86	91.94	7.38	99.9999	99.9999	19.8569	18.6241	0
2707	16 32 30.052	-13 03 37.17	0.32	84.25	4.27	3.95	99.9999	19.6679	19.0583	17.8013	1
2708	16 32 30.050	-13 03 40.21	85.41	5.21	92.01	6.60	20.3448	99.9999	19.0519	17.8680	0
2712	16 32 30.074	-13 00 59.74	85.77	5.28	92.04	6.28	20.4090	99.9999	18.7168	17.5116	0
2714	16 32 30.059	-13 01 47.69	84.91	84.87	91.97	7.06	99.9999	99.9999	19.5260	18.3653	0
2718	16 32 30.020	-13 03 35.55	85.40	5.91	92.01	6.61	21.0390	99.9999	19.0652	17.9700	0
2720	16 32 29.962	-13 07 21.46	85.04	84.87	91.98	6.94	99.9999	99.9999	19.4047	17.8307	0
2727	16 32 29.979	-13 03 11.78	0.41	5.24	4.24	3.83	20.9911	19.6290	18.9345	17.5696	1
2739	16 32 29.921	-13 05 24.05	84.98	84.87	91.98	7.00	99.9999	99.9999	19.4591	18.1973	0
2741	16 32 29.954	-13 02 09.89	84.88	84.86	91.97	7.09	99.9999	99.9999	19.5531	18.2193	0
2745	16 32 29.912	-13 05 22.86	85.27	84.87	92.00	6.73	99.9999	99.9999	19.1895	18.1512	0
2746	16 32 29.936	-13 03 13.75	85.45	84.87	92.02	6.57	99.9999	99.9999	19.0185	17.9825	0
2755	16 32 29.894	-13 02 28.61	85.35	84.87	92.01	6.66	99.9999	99.9999	19.1070	18.0125	0
2759	16 32 29.851	-13 03 52.70	0.76	5.10	4.48	3.72	20.8507	19.8420	18.8154	17.9906	1
2763	16 32 29.859	-13 02 23.77	84.95	84.87	91.97	7.02	99.9999	99.9999	19.4880	18.2931	0
2767	16 32 29.847	-13 02 17.00	0.88	84.25	4.74	3.86	99.9999	20.0914	18.9493	17.7167	1
2773	16 32 29.829	-13 01 00.04	1.03	3.54	2.42	1.40	19.2839	17.7617	16.4819	15.1109	3
2777	16 32 29.774	-13 02 54.44	0.74	4.68	4.26	3.52	20.4273	19.6199	18.6123	17.7009	1
2785	16 32 29.725	-13 03 18.96	85.34	5.89	92.01	6.67	21.0230	99.9999	19.1219	17.8748	0
2786	16 32 29.716	-13 03 30.53	0.50	84.25	4.86	4.36	99.9999	20.2462	19.4584	17.9872	1
2795	16 32 29.691	-13 04 01.30	0.65	5.35	4.79	4.14	21.1049	20.1634	19.2347	18.2343	3
2797	16 32 29.699	-13 02 21.65	0.79	3.44	2.40	1.62	19.1859	17.7611	16.7050	15.7342	1
2799	16 32 29.717	-13 00 24.50	0.67	4.84	4.20	3.53	20.5945	19.5642	18.6214	17.4988	1
2800	16 32 29.692	-13 02 35.25	0.50	5.52	4.93	4.43	21.2687	20.3081	19.5242	18.2455	0
2802	16 32 29.668	-13 03 38.54	0.63	84.25	4.44	3.81	99.9999	19.8068	18.9042	17.8388	1
2803	16 32 29.673	-13 03 01.13	0.52	4.73	3.92	3.40	20.4769	19.3021	18.4997	17.5083	1
2807	16 32 29.633	-13 03 54.77	85.02	84.87	91.98	6.96	99.9999	99.9999	19.4205	18.3493	0
2827	16 32 29.521	-13 03 34.88	85.80	5.52	92.05	6.24	20.6520	99.9999	18.6822	17.7655	0
2831	16 32 29.528	-13 00 52.52	85.02	84.87	91.98	6.96	99.9999	99.9999	19.4194	18.3542	0
2832	16 32 29.507	-13 02 42.95	86.09	5.14	92.07	5.98	20.2710	99.9999	18.4077	17.2023	0
2833	16 32 29.472	-13 05 45.83	0.91	3.91	2.99	2.08	19.6533	18.3323	17.1657	15.8206	3
2842	16 32 29.459	-13 03 29.73	0.51	84.25	4.22	3.71	99.9999	19.5973	18.8039	17.5448	1
2844	16 32 29.465	-13 02 38.61	84.90	84.86	91.97	7.07	99.9999	99.9999	19.5362	18.2661	0
2847	16 32 29.458	-13 02 36.56	84.27	84.86	91.91	7.65	99.9999	99.9999	20.1341	18.9937	0
2858	16 32 29.428	-13 00 39.00	85.05	84.87	91.98	6.93	99.9999	99.9999	19.3949	18.0550	0
2861	16 32 29.387	-13 02 42.70	85.83	84.87	92.05	6.22	99.9999	99.9999	18.6520	17.6707	0
2862	16 32 29.387	-13 02 18.80	84.91	84.87	91.97	7.06	99.9999	99.9999	19.5211	18.2577	0
2864	16 32 29.375	-13 03 09.03	0.85	4.84	3.96	3.11	20.5897	19.3139	18.2016	17.0252	3
2865	16 32 29.370	-13 03 10.65	0.43	4.62	3.72	3.29	20.3764	19.1113	18.3931	17.2956	1
2867	16 32 29.370	-13 02 22.16	85.28	84.87	92.00	6.72	99.9999	99.9999	19.1744	18.1224	0
2870	16 32 29.322	-13 03 49.92	0.53	84.25	4.24	3.71	99.9999	19.6208	18.8052	18.0725	1
2871	16 32 29.331	-13 02 44.85	0.78	3.84	2.91	2.13	19.5939	18.2683	17.2243	15.9004	3
2876	16 32 29.306	-13 03 19.43	0.96	4.90	4.57	3.61	20.6514	19.9159	18.6974	17.7697	1
2877	16 32 29.307	-13 02 23.85	0.60	84.25	4.23	3.63	99.9999	19.6045	18.7228	17.5745	3
2880	16 32 29.291	-13 02 56.85	84.83	84.86	91.96	7.13	99.9999	99.9999	19.6005	18.3480	0
2883	16 32 29.229	-13 07 55.34	0.48	4.60	3.85	3.37	20.3475	19.2332	18.4652	17.7008	3
2885	16 32 29.264	-13 04 46.05	85.16	84.87	91.99	6.83	99.9999	99.9999	19.2913	18.1770	0
2895	16 32 29.333	-12 54 24.27	0.69	2.82	2.12	1.43	18.5728	17.4895	16.5226	16.0985	3
2897	16 32 29.219	-13 03 09.63	85.10	84.87	91.99	6.89	99.9999	99.9999	19.3459	18.2053	0
2899	16 32 29.213	-13 03 39.55	0.86	5.07	4.81	3.95	20.8184	20.1616	19.0370	17.5585	1
2900	16 32 29.177	-13 05 28.65	85.23	84.87	92.00	6.77	99.9999	99.9999	19.2256	18.1203	0
2902	16 32 29.205	-13 02 10.23	85.75	84.87	92.04	6.29	99.9999	99.9999	18.7298	17.4692	0
2909	16 32 29.166	-13 04 05.72	0.64	4.60	4.31	3.67	20.3520	19.6784	18.7661	17.6440	1
2912	16 32 29.173	-13 02 13.73	0.49	3.99	3.41	2.93	19.7440	18.7983	18.0248	16.7269	1
2913	16 32 29.154	-13 03 42.60	0.52	4.55	3.71	3.19	20.3005	19.0879	18.2893	17.0693	1
2916	16 32 29.156	-13 02 11.75	86.03	84.87	92.07	6.04	99.9999	99.9999	18.4668	17.1359	0
2917	16 32 29.094	-13 07 24.54	84.94	84.87	91.97	7.03	99.9999	99.9999	19.4974	18.2630	0
2918	16 32 29.135	-13 03 36.42	0.45	84.25	4.73	4.27	99.9999	20.1128	19.3718	17.9150	1
2919	16 32 29.217	-12 56 14.58	0.73	3.93	3.39	2.66	19.6757	18.7483	17.7512	16.6772	1
2921	16 32 29.113	-13 04 31.15	84.77	5.95	91.96	7.19	21.0880	99.9999	19.6613	18.5195	0
2922	16 32 29.131	-13 02 31.34	0.96	4.74	4.32	3.36	20.4853	19.6599	18.4420	17.4678	1
2924	16 32 29.128	-13 02 21.60	85.34	6.01	92.01	6.67	21.1370	99.9999	19.1229	17.9986	0
2926	16 32 28.984	-13 14 01.88	0.78	3.79	2.59	1.81	19.5351	17.9512	16.9034	15.7077	3
2927	16 32 29.114	-13 02 04.49	0.43	84.25	4.63	4.20	99.9999	20.0211	19.3037	17.9133	1
2928	16 32 29.092	-13 03 50.98	85.77	5.34	92.04	6.28	20.4678	99.9999	18.7139	17.6819	0
2932	16 32 29.095	-13 02 40.83	0.51	4.72	4.13	3.62	20.4693	19.5138	18.7174	17.6489	1
2946	16 32 28.997	-13 06 27.85	84.90	84.86	91.97	7.07	99.9999	99.9999	19.5378	18.3737	0
2956	16 32 29.012	-13 00 46.97	84.61	84.86	91.94	7.34	99.9999	99.9999	19.8101	18.7142	0
2957	16 32 28.990	-13 02 29.02	85.09	84.87	91.98	6.90	99.9999	99.9999	19.3591	18.1907	0
2961	16 32 28.980	-13 02 04.85	85.13	84.87	91.99	6.86	99.9999	99.9999	19.3213	18.4118	0
2974	16 32 28.863	-13 02 47.78	85.65	5.76	92.03	6.38	20.8880	99.9999	18.8270	17.5531	0
2975	16 32 28.843	-13 03 45.87	85.00	84.87	91.98	6.98	99.9999	99.9999	19.4405	18.4074	0
2978	16 32 28.843	-13 02 49.74	84.94	84.87	91.97	7.03	99.9999	99.9999	19.4940	18.0992	0
2982	16 32 28.836	-13 02 10.03	84.61	84.86	91.94	7.33	99.9999	99.9999	19.8087	18.5688	0
2983	16 32 28.841	-13 01 10.47	85.16	84.87	91.99	6.83	99.9999	99.9999	19.2866	18.1982	0
2987	16 32 28.767	-13 06 03.49	85.05	84.87	91.98	6.93	99.9999	99.9999	19.3925	18.2154	0
2989	16 32 28.785	-13 03 50.97	0.31	4.93	4.23	3.93	20.6817	19.6334	19.0321	18.0658	1
2993	16 32 28.801	-13 01 27.46	0.66	84.25	4.46	3.80	99.9999	19.8265	18.8931	17.8086	3
2996	16 32 28.766	-13 03 43.37	0.84	3.06	1.99	1.15	18.8068	17.3390	16.2374	14.8795	3
2997	16 32 28.780	-13 01 51.50	0.64	3.33	2.52	1.89	19.0760	17.8949	16.9809	15.8252	3
3003	16 32 28.729	-13 02 43.35	0.42	4.90	4.07	3.65	20.6501	19.4617	18.7551	17.5970	1
3004	16 32 28.693	-13 05 45.60	0.45	-2.38	-3.04	-3.48	13.3712	12.3512	11.6195	10.7585	1
3008	16 32 28.720	-13 01 27.82	0.37	84.25	4.48	4.11	99.9999	19.8719	19.2126	17.8692	1
3012	16 32 28.685	-13 03 49.79	0.58	4.98	4.31	3.73	20.7353	19.6835	18.8218	17.6070	1
3013	16 32 28.693	-13 03 06.18	84.63	6.72	91.94	7.32	21.8520	99.9999	19.7942	18.4859	0
3014	16 32 28.702	-13 02 09.80	85.28	84.87	92.00	6.72	99.9999	99.9999	19.1755	18.0215	0
3016	16 32 28.715	-13 00 47.51	85.25	84.87	92.00	6.75	99.9999	99.9999	19.2013	18.0021	0
3017	16 32 28.694	-13 02 30.30	0.38	5.11	4.12	3.74	20.8582	19.5168	18.8429	17.5621	1
3027	16 32 28.653	-13 02 19.31	84.60	84.86	91.94	7.34	99.9999	99.9999	19.8159	18.7040	0
3028	16 32 28.623	-13 04 15.79	0.59	4.23	3.63	3.03	19.9754	19.0016	18.1302	17.0044	1
3031	16 32 28.619	-13 04 12.06	85.31	84.87	92.00	6.69	99.9999	99.9999	19.1439	18.3295	0
3033	16 32 28.555	-13 08 56.38	0.91	4.80	3.62	2.70	20.5441	18.9636	17.7898	16.5659	3
3034	16 32 28.593	-13 05 27.08	0.66	3.33	2.47	1.81	19.0761	17.8379	16.9069	15.8201	3
3035	16 32 28.601	-13 03 01.09	84.58	84.86	91.94	7.36	99.9999	99.9999	19.8348	18.7527	0
3037	16 32 28.578	-13 03 31.42	86.29	5.20	92.09	5.80	20.3250	99.9999	18.2226	17.1105	0
3039	16 32 28.516	-13 07 43.98	0.69	1.41	0.42	-0.26	17.1591	15.7897	14.8301	13.7151	1
3051	16 32 28.537	-13 02 35.54	0.63	4.61	3.95	3.32	20.3586	19.3230	18.4137	17.3708	1
3054	16 32 28.531	-13 01 31.47	85.37	84.87	92.01	6.64	99.9999	99.9999	19.0928	17.8899	0
3055	16 32 28.514	-13 02 29.31	0.54	4.74	4.09	3.54	20.4892	19.4644	18.6402	17.4485	1
3056	16 32 28.507	-13 02 50.21	84.55	84.86	91.94	7.38	99.9999	99.9999	19.8609	18.5954	0
3057	16 32 28.496	-13 03 43.25	85.51	5.52	92.02	6.51	20.6550	99.9999	18.9595	17.9305	0
3069	16 32 28.415	-13 03 44.55	0.48	84.25	4.50	4.02	99.9999	19.8880	19.1201	18.1214	1
3075	16 32 28.260	-13 13 54.81	0.49	3.62	2.98	2.49	19.3687	18.3637	17.5857	16.4908	1
3077	16 32 28.352	-13 03 57.63	0.21	5.19	3.99	3.77	20.9385	19.3955	18.8815	17.5584	1
3080	16 32 28.325	-13 04 04.01	85.24	84.87	92.00	6.76	99.9999	99.9999	19.2125	18.2671	0
3083	16 32 28.297	-13 05 02.85	0.52	4.31	3.55	3.04	20.0571	18.9358	18.1345	17.0351	1
3084	16 32 28.301	-13 03 42.08	0.66	4.59	4.07	3.41	20.3376	19.4397	18.5049	17.4467	1
3088	16 32 28.285	-13 02 54.07	0.80	84.25	4.98	4.19	99.9999	20.3392	19.2748	18.1902	1
3092	16 32 28.265	-13 03 13.74	0.81	5.68	4.98	4.17	21.4332	20.3329	19.2555	18.2394	3
3094	16 32 28.254	-13 03 02.88	0.52	84.25	5.25	4.73	99.9999	20.6351	19.8293	18.6307	3
3095	16 32 28.242	-13 03 51.41	0.80	4.69	4.21	3.41	20.4356	19.5652	18.5002	99.9999	1
3098	16 32 28.226	-13 03 53.21	0.49	4.58	3.92	3.44	20.3265	19.3053	18.5355	17.5373	3
3101	16 32 28.188	-13 04 30.31	85.24	84.87	92.00	6.76	99.9999	99.9999	19.2184	18.1454	0
3104	16 32 28.206	-13 01 50.11	0.25	84.25	4.62	4.37	99.9999	20.0255	19.4790	18.0243	1
3106	16 32 28.185	-13 02 55.17	0.55	4.40	3.65	3.11	20.1487	19.0306	18.2031	17.3615	1
3110	16 32 28.164	-13 03 09.67	0.20	84.25	4.30	4.10	99.9999	19.7117	19.2111	18.1562	1
3111	16 32 28.181	-13 01 08.48	84.76	84.86	91.96	7.19	99.9999	99.9999	19.6650	18.5246	0
3122	16 32 28.034	-13 04 08.51	0.66	4.18	3.54	2.89	19.9335	18.9134	17.9799	16.8492	1
3126	16 32 28.084	-12 58 34.86	1.00	84.25	4.45	3.45	99.9999	19.7857	18.5321	17.0785	3
3132	16 32 28.047	-13 00 16.37	85.30	84.87	92.00	6.70	99.9999	99.9999	19.1564	17.6951	0
3140	16 32 27.980	-13 03 33.71	0.58	4.68	4.03	3.45	20.4261	19.4072	18.5446	17.5555	1
3142	16 32 27.955	-13 05 12.84	0.41	5.25	4.42	4.01	21.0017	19.8143	19.1135	17.9947	1
3143	16 32 27.977	-13 03 03.92	0.53	5.16	4.39	3.86	20.9065	19.7684	18.9609	17.8763	1
3148	16 32 27.958	-13 02 23.94	0.87	3.98	3.16	2.29	19.7323	18.5111	17.3786	16.3867	1
3155	16 32 27.890	-13 03 54.78	0.77	4.98	4.77	4.01	20.7298	20.1325	19.0967	18.1774	1
3156	16 32 27.894	-13 03 08.11	0.68	5.11	4.31	3.64	20.8646	19.6807	18.7289	17.6056	0
3158	16 32 27.863	-13 05 45.20	0.98	84.25	4.09	3.11	99.9999	19.4300	18.1893	16.7855	1
3173	16 32 27.799	-13 04 20.75	85.39	5.55	92.01	6.62	20.6800	99.9999	19.0716	18.1089	0
3175	16 32 27.805	-13 03 34.54	0.60	5.43	4.75	4.16	21.1846	20.1282	19.2545	18.2592	1
3179	16 32 27.730	-13 08 24.93	85.00	5.67	91.98	6.97	20.8070	99.9999	19.4361	18.2202	0
3180	16 32 27.778	-13 03 54.05	1.43	84.26	3.57	2.14	99.9999	18.8701	17.2054	15.1235	1
3188	16 32 27.734	-13 03 15.09	84.96	84.87	91.97	7.02	99.9999	99.9999	19.4797	18.3384	0
3191	16 32 27.679	-13 07 32.74	85.29	84.87	92.00	6.72	99.9999	99.9999	19.1696	17.8954	0
3192	16 32 27.712	-13 04 36.37	0.56	5.30	4.68	4.13	21.0526	20.0621	19.2246	18.0538	1
3222	16 32 27.523	-13 03 59.02	84.93	84.87	91.97	7.04	99.9999	99.9999	19.5029	18.2445	0
3229	16 32 27.490	-13 04 22.85	85.15	5.98	91.99	6.84	21.1160	99.9999	19.2973	18.2407	0
3230	16 32 27.516	-13 01 51.39	0.60	4.65	4.19	3.59	20.4046	19.5613	18.6864	17.4856	1
3231	16 32 27.496	-13 02 53.10	0.29	5.10	4.10	3.82	20.8478	19.5024	18.9214	17.8274	1
3233	16 32 27.491	-13 02 37.58	84.85	84.86	91.96	7.11	99.9999	99.9999	19.5818	18.2779	0
3247	16 32 27.387	-13 04 56.32	0.99	3.63	2.19	1.20	19.3785	17.5264	16.2821	14.9283	3
3254	16 32 27.357	-13 03 07.57	0.43	84.25	5.00	4.57	99.9999	20.3871	19.6722	18.6037	1
3256	16 32 27.349	-13 03 14.29	0.58	4.57	4.49	3.92	20.3168	19.8692	19.0129	18.0864	1
3258	16 32 27.334	-13 04 09.74	0.75	4.08	3.26	2.51	19.8252	18.6206	17.6015	16.3514	3
3260	16 32 27.422	-12 56 08.71	0.98	3.78	2.51	1.53	19.5307	17.8530	16.6153	15.2797	3
3265	16 32 27.364	-12 59 41.32	85.63	84.87	92.03	6.41	99.9999	99.9999	18.8490	15.6992	0
3266	16 32 27.326	-13 02 47.80	85.14	5.98	91.99	6.85	21.1120	99.9999	19.3047	18.3149	0
3269	16 32 27.317	-13 03 23.53	84.99	84.87	91.98	6.99	99.9999	99.9999	19.4534	18.2714	0
3271	16 32 27.296	-13 04 35.56	-0.16	84.24	4.69	4.85	99.9999	20.1264	19.9659	18.4575	1
3278	16 32 27.301	-13 02 35.69	85.13	84.87	91.99	6.86	99.9999	99.9999	19.3223	17.9513	0
3279	16 32 27.308	-13 01 40.60	85.16	84.87	91.99	6.83	99.9999	99.9999	19.2877	18.2650	0
3282	16 32 27.301	-12 59 40.96	0.61	3.94	3.32	2.71	19.6947	18.6922	17.8087	16.7504	3
3283	16 32 27.248	-13 03 56.98	0.57	5.08	4.36	3.79	20.8335	19.7391	18.8848	17.8783	1
3289	16 32 27.205	-13 05 35.10	85.09	5.76	91.99	6.89	20.8924	99.9999	19.3511	18.2365	0
3293	16 32 27.194	-13 03 33.56	0.79	5.17	4.73	3.94	20.9194	20.0896	19.0339	17.9591	1
3297	16 32 27.272	-12 55 13.61	0.74	3.98	3.00	2.26	19.7342	18.3601	17.3479	16.0137	3
3300	16 32 27.197	-13 00 35.57	84.98	84.87	91.98	6.99	99.9999	99.9999	19.4566	18.5131	0
3302	16 32 27.160	-13 02 32.39	85.17	84.87	91.99	6.82	99.9999	99.9999	19.2818	18.0386	0
3311	16 32 27.108	-13 03 17.77	0.55	84.25	4.63	4.08	99.9999	20.0035	19.1744	18.0708	1
3317	16 32 27.076	-13 02 14.66	0.63	4.98	4.24	3.61	20.7347	19.6143	18.7043	17.7259	1
3318	16 32 27.067	-13 02 58.80	85.21	84.87	92.00	6.79	99.9999	99.9999	19.2459	18.1219	0
3320	16 32 27.071	-13 01 50.77	85.37	5.60	92.01	6.64	20.7290	99.9999	19.0900	17.8288	0
3327	16 32 26.999	-13 03 05.04	85.10	84.87	91.99	6.89	99.9999	99.9999	19.3467	18.2580	0
3338	16 32 26.783	-13 13 56.22	0.66	2.39	1.56	0.90	18.1448	16.9317	15.9961	14.8892	3
3339	16 32 26.903	-13 02 56.39	0.49	84.25	4.52	4.03	99.9999	19.9015	19.1270	18.0892	1
3343	16 32 26.884	-13 02 02.19	84.95	84.87	91.97	7.03	99.9999	99.9999	19.4911	18.3912	0
3346	16 32 26.845	-13 04 46.44	0.57	5.00	4.52	3.95	20.7462	19.8960	19.0444	17.9290	3
3353	16 32 26.757	-13 08 40.13	0.56	2.91	2.14	1.59	18.6574	17.5226	16.6863	15.6505	3
3358	16 32 26.771	-13 02 39.82	0.62	4.42	3.65	3.04	20.1692	19.0264	18.1315	17.4313	3
3360	16 32 26.733	-13 04 43.96	85.12	84.87	91.99	6.86	99.9999	99.9999	19.3230	18.1993	0
3361	16 32 26.738	-13 03 47.71	84.96	5.76	91.97	7.01	20.8900	99.9999	19.4745	18.2581	0
3362	16 32 26.745	-13 02 50.13	85.05	84.87	91.98	6.93	99.9999	99.9999	19.3888	18.3907	0
3368	16 32 26.706	-13 02 21.76	0.40	84.25	4.48	4.08	99.9999	19.8724	19.1857	17.9959	1
3372	16 32 26.735	-12 58 58.48	85.01	84.87	91.98	6.97	99.9999	99.9999	19.4328	18.1516	0
3374	16 32 26.684	-13 01 14.25	85.05	84.87	91.98	6.93	99.9999	99.9999	19.3888	18.3063	0
3376	16 32 26.643	-13 02 32.07	85.29	84.87	92.00	6.71	99.9999	99.9999	19.1624	18.0237	0
3377	16 32 26.633	-13 02 41.31	0.45	5.12	4.46	4.01	20.8722	19.8424	19.1058	17.9697	3
3381	16 32 26.606	-13 03 55.66	0.50	4.30	3.62	3.12	20.0523	19.0068	18.2204	17.1608	1
3393	16 32 26.537	-13 03 46.57	0.44	4.69	4.10	3.66	20.4456	19.4910	18.7603	17.6292	1
3394	16 32 26.537	-13 03 17.81	0.54	84.25	4.81	4.27	99.9999	20.1869	19.3695	18.3304	3
3402	16 32 26.481	-13 05 04.06	84.95	84.87	91.97	7.02	99.9999	99.9999	19.4853	18.4443	0
3412	16 32 26.451	-13 01 49.04	1.05	84.25	5.46	4.42	99.9999	20.7992	19.5004	18.4683	3
3420	16 32 26.406	-13 01 42.49	84.93	84.87	91.97	7.04	99.9999	99.9999	19.5099	18.4174	0
3427	16 32 26.333	-13 02 03.70	85.15	84.87	91.99	6.84	99.9999	99.9999	19.3018	18.2681	0
3456	16 32 26.129	-13 05 31.83	85.12	84.87	91.99	6.87	99.9999	99.9999	19.3240	18.3085	0
3463	16 32 26.071	-13 05 55.72	84.72	84.86	91.95	7.24	99.9999	99.9999	19.7082	18.6618	0
3464	16 32 26.072	-13 05 16.27	84.87	84.86	91.97	7.10	99.9999	99.9999	19.5676	18.5483	0
3470	16 32 25.964	-13 10 47.03	0.54	2.58	1.86	1.31	18.3269	17.2343	16.4120	15.3635	3
3472	16 32 26.074	-12 59 44.91	85.34	84.87	92.01	6.66	99.9999	99.9999	19.1162	18.1664	0
3473	16 32 26.041	-13 02 35.09	84.91	84.87	91.97	7.06	99.9999	99.9999	19.5255	18.3390	0
3476	16 32 26.014	-13 03 03.63	86.74	84.88	92.13	5.39	99.9999	99.9999	17.7948	16.4548	0
3489	16 32 25.920	-13 02 29.96	0.59	84.25	4.36	3.77	99.9999	19.7308	18.8626	17.7106	1
3500	16 32 25.820	-13 05 55.14	84.82	84.86	91.96	7.15	99.9999	99.9999	19.6140	18.5648	0
3507	16 32 25.842	-13 00 44.39	84.76	84.86	91.96	7.20	99.9999	99.9999	19.6693	18.3830	0
3509	16 32 25.807	-13 03 24.63	0.66	4.46	3.96	3.30	20.2127	19.3262	18.3905	17.3269	1
3514	16 32 25.771	-13 04 56.11	84.79	84.86	91.96	7.17	99.9999	99.9999	19.6406	18.5182	0
3516	16 32 25.776	-13 02 36.34	84.53	84.86	91.94	7.41	99.9999	99.9999	19.8825	18.5980	0
3517	16 32 25.645	-13 13 26.44	0.67	1.56	0.63	-0.04	17.3102	15.9952	15.0510	13.9169	3
3521	16 32 25.710	-13 05 52.93	84.96	84.87	91.97	7.01	99.9999	99.9999	19.4781	18.6482	0
3522	16 32 25.734	-13 03 35.65	0.61	4.76	4.10	3.50	20.5094	19.4769	18.5915	17.5758	1
3528	16 32 25.692	-13 03 17.61	85.24	84.87	92.00	6.75	99.9999	99.9999	19.2096	18.3014	0
3531	16 32 25.627	-13 05 28.99	85.20	84.87	91.99	6.80	99.9999	99.9999	19.2529	18.1647	0
3534	16 32 25.609	-13 03 23.80	84.93	84.87	91.97	7.04	99.9999	99.9999	19.5061	18.2712	0
3536	16 32 25.614	-13 02 38.20	85.19	84.87	91.99	6.81	99.9999	99.9999	19.2633	18.2915	0
3537	16 32 25.647	-12 59 32.00	84.79	84.86	91.96	7.17	99.9999	99.9999	19.6396	18.4686	0
3546	16 32 25.568	-13 01 08.75	1.01	84.25	4.17	3.15	99.9999	19.5046	18.2351	16.7884	1
3550	16 32 25.540	-13 02 04.09	0.52	84.25	4.52	4.00	99.9999	19.8969	19.0943	18.0642	3
3553	16 32 25.529	-13 00 03.85	0.95	4.02	3.12	2.17	19.7724	18.4672	17.2573	15.9601	1
3559	16 32 25.466	-13 00 08.63	0.89	84.25	4.88	3.99	99.9999	20.2302	19.0743	17.7728	1
3567	16 32 25.335	-13 04 34.22	85.09	84.87	91.99	6.89	99.9999	99.9999	19.3535	18.4184	0
3572	16 32 25.332	-13 01 02.01	84.68	84.86	91.95	7.27	99.9999	99.9999	19.7421	18.4007	0
3574	16 32 25.297	-13 03 11.72	84.90	5.96	91.97	7.07	21.0960	99.9999	19.5381	18.4359	0
3577	16 32 25.260	-13 04 32.73	84.94	5.87	91.97	7.03	21.0060	99.9999	19.4943	18.4048	0
3578	16 32 25.241	-13 05 39.35	84.86	84.86	91.97	7.11	99.9999	99.9999	19.5739	18.4792	0
3580	16 32 25.281	-13 01 40.51	0.31	84.25	4.67	4.36	99.9999	20.0645	19.4625	18.3033	1
3588	16 32 25.239	-13 02 18.23	85.06	5.80	91.98	6.93	20.9290	99.9999	19.3866	18.2023	0
3590	16 32 25.256	-13 00 37.22	85.05	84.87	91.98	6.94	99.9999	99.9999	19.3972	18.2671	0
3595	16 32 25.118	-13 06 26.13	85.05	84.87	91.98	6.93	99.9999	99.9999	19.3891	18.2337	0
3596	16 32 25.128	-13 05 26.86	84.84	84.86	91.96	7.12	99.9999	99.9999	19.5889	18.6101	0
3603	16 32 25.119	-13 03 11.95	0.46	4.67	3.96	3.50	20.4229	19.3428	18.5996	17.5389	1
3605	16 32 25.018	-13 08 59.96	0.77	4.36	3.04	2.27	20.1126	18.3979	17.3558	16.1611	3
3608	16 32 25.126	-12 58 28.64	1.02	2.79	1.58	0.56	18.5398	16.9190	15.6444	14.1998	1
3609	16 32 25.051	-13 03 02.70	84.54	84.86	91.94	7.40	99.9999	99.9999	19.8722	18.7356	0
3610	16 32 25.042	-13 03 29.18	0.40	84.25	4.39	3.99	99.9999	19.7825	19.0938	18.0863	0
3612	16 32 25.017	-13 04 37.05	84.80	84.86	91.96	7.16	99.9999	99.9999	19.6334	18.5096	0
3624	16 32 24.933	-12 59 48.88	0.65	4.96	4.40	3.75	20.7077	19.7723	18.8453	17.7401	1
3626	16 32 24.900	-13 01 32.22	84.91	84.87	91.97	7.06	99.9999	99.9999	19.5297	18.6079	0
3627	16 32 24.991	-12 52 41.10	1.09	2.62	1.91	0.83	18.3626	17.2447	15.9077	14.8634	1
3631	16 32 24.845	-13 02 26.43	0.88	4.60	3.85	2.97	20.3525	19.1997	18.0578	16.8768	0
3632	16 32 24.838	-13 02 59.33	84.85	6.02	91.96	7.11	21.1540	99.9999	19.5801	18.4705	0
3635	16 32 24.797	-13 04 28.20	85.21	84.87	92.00	6.79	99.9999	99.9999	19.2435	18.0668	0
3647	16 32 24.723	-13 04 01.20	85.48	5.41	92.02	6.54	20.5378	99.9999	18.9841	17.8307	0
3661	16 32 24.563	-13 04 28.81	84.63	84.86	91.95	7.32	99.9999	99.9999	19.7918	18.8408	0
3663	16 32 24.534	-13 06 05.57	0.61	84.25	4.77	4.16	99.9999	20.1398	19.2520	18.4428	1
3667	16 32 24.549	-13 03 45.41	85.02	84.87	91.98	6.96	99.9999	99.9999	19.4254	18.3649	0
3669	16 32 24.525	-13 03 11.76	84.77	84.86	91.96	7.19	99.9999	99.9999	19.6607	18.6824	0
3672	16 32 24.470	-13 03 25.19	84.84	84.86	91.96	7.12	99.9999	99.9999	19.5881	18.5039	0
3692	16 32 24.364	-13 00 01.37	84.49	84.86	91.93	7.45	99.9999	99.9999	19.9253	18.7635	0
3694	16 32 24.284	-13 05 55.41	84.90	5.99	91.97	7.07	21.1210	99.9999	19.5381	18.3643	0
3698	16 32 24.268	-13 03 04.18	84.90	84.87	91.97	7.07	99.9999	99.9999	19.5351	18.4251	0
3704	16 32 24.198	-13 02 58.33	0.35	84.25	5.58	5.23	99.9999	20.9750	20.3298	18.8751	0
3705	16 32 24.142	-13 06 53.58	84.99	5.84	91.98	6.99	20.9760	99.9999	19.4485	18.4789	0
3706	16 32 24.056	-13 14 13.05	0.80	3.20	2.18	1.38	18.9535	17.5353	16.4680	15.2474	1
3712	16 32 24.131	-13 02 45.53	0.54	4.57	3.87	3.33	20.3189	19.2502	18.4291	17.3474	0
3715	16 32 24.062	-13 08 02.95	84.94	5.99	91.97	7.03	21.1240	99.9999	19.4945	18.4294	0
3725	16 32 23.973	-13 06 32.00	85.17	84.87	91.99	6.82	99.9999	99.9999	19.2758	18.3225	0
3729	16 32 23.992	-13 03 17.66	0.53	84.25	4.27	3.74	99.9999	19.6503	18.8428	17.7156	1
3735	16 32 23.780	-13 15 10.74	0.61	2.61	1.79	1.19	18.3649	17.1668	16.2830	15.2461	3
3738	16 32 23.859	-13 07 16.69	84.76	84.86	91.96	7.19	99.9999	99.9999	19.6627	18.4822	0
3742	16 32 23.826	-13 04 29.90	84.97	84.87	91.97	7.01	99.9999	99.9999	19.4691	18.3638	0
3744	16 32 23.766	-13 08 54.43	0.95	4.71	3.52	2.57	20.4556	18.8634	17.6527	16.0582	1
3751	16 32 23.726	-13 02 53.55	85.14	84.87	91.99	6.85	99.9999	99.9999	19.3126	18.2102	0
3752	16 32 23.712	-13 03 27.54	84.75	84.86	91.96	7.20	99.9999	99.9999	19.6740	18.5865	0
3761	16 32 23.665	-13 00 56.49	84.96	84.87	91.97	7.01	99.9999	99.9999	19.4791	18.3218	0
3767	16 32 23.528	-13 05 22.40	85.10	5.23	91.99	6.89	20.3608	99.9999	19.3487	18.2295	0
3782	16 32 23.405	-13 03 51.69	0.58	5.05	4.55	3.97	20.8027	19.9252	19.0686	17.9721	3
3788	16 32 23.305	-13 08 27.14	0.79	4.23	3.04	2.25	19.9769	18.3974	17.3409	16.1013	3
3791	16 32 23.309	-13 06 37.03	1.01	2.61	1.04	0.03	18.3545	16.3745	15.1110	13.6614	3
3803	16 32 23.217	-13 02 12.59	0.49	4.64	4.03	3.54	20.3924	19.4126	18.6370	17.7177	3
3808	16 32 23.188	-13 02 44.79	0.76	4.09	3.28	2.52	19.8375	18.6404	17.6142	16.5182	3
3809	16 32 23.187	-13 02 21.39	85.22	84.87	92.00	6.78	99.9999	99.9999	19.2312	18.1873	0
3812	16 32 23.142	-13 04 09.32	85.13	84.87	91.99	6.86	99.9999	99.9999	19.3146	18.3215	0
3819	16 32 23.109	-13 03 22.62	85.11	84.87	91.99	6.88	99.9999	99.9999	19.3363	18.3564	0
3834	16 32 22.947	-13 03 51.69	0.50	2.47	1.74	1.24	18.2164	17.1230	16.3365	15.3266	1
3839	16 32 22.937	-13 01 09.35	84.72	84.86	91.95	7.23	99.9999	99.9999	19.7010	18.6189	0
3849	16 32 22.745	-13 06 01.61	84.94	84.87	91.97	7.03	99.9999	99.9999	19.4932	18.2945	0
3853	16 32 22.807	-12 58 00.59	85.40	84.87	92.01	6.62	99.9999	99.9999	19.0673	17.9818	0
3864	16 32 22.612	-13 04 16.86	84.40	84.86	91.93	7.52	99.9999	99.9999	20.0027	18.9406	0
3866	16 32 22.601	-13 02 25.84	0.75	5.14	4.67	3.91	20.8844	20.0258	19.0016	17.8498	1
3870	16 32 22.616	-12 59 48.16	85.21	5.72	92.00	6.79	20.8508	99.9999	19.2446	18.0944	0
3882	16 32 22.375	-13 03 50.59	84.57	84.86	91.94	7.37	99.9999	99.9999	19.8431	18.0287	0
3885	16 32 22.316	-13 03 32.66	0.56	5.07	4.33	3.78	20.8197	19.7122	18.8737	18.1204	1
3887	16 32 22.312	-13 02 57.00	84.92	84.87	91.97	7.05	99.9999	99.9999	19.5197	18.5907	0
3897	16 32 22.157	-13 04 20.06	85.29	5.87	92.00	6.71	20.9990	99.9999	19.1645	18.3195	0
3900	16 32 22.196	-13 00 08.12	85.21	84.87	92.00	6.78	99.9999	99.9999	19.2378	18.1921	0
3901	16 32 22.140	-13 02 46.89	84.94	5.88	91.97	7.03	21.0150	99.9999	19.4929	18.4509	0
3907	16 32 22.161	-12 54 53.00	0.92	3.12	2.17	1.25	18.8648	17.5187	16.3382	14.8365	3
3909	16 32 21.933	-13 08 47.92	0.60	3.50	2.68	2.08	19.2459	18.0517	17.1771	16.1021	3
3913	16 32 21.985	-13 02 27.54	85.00	84.87	91.98	6.98	99.9999	99.9999	19.4445	18.5382	0
3922	16 32 21.861	-13 04 42.05	84.98	84.87	91.98	6.99	99.9999	99.9999	19.4560	18.5170	0
3923	16 32 21.804	-13 06 26.07	1.27	84.25	4.16	2.89	99.9999	19.4714	17.9608	16.2442	3
3937	16 32 21.457	-13 15 06.32	0.46	1.74	1.19	0.73	17.4929	16.5781	15.8281	14.8990	1
3947	16 32 21.531	-12 56 49.98	1.11	2.31	0.96	-0.15	18.0573	16.2911	14.9292	13.4638	3
3948	16 32 21.443	-13 02 13.95	85.33	84.87	92.01	6.67	99.9999	99.9999	19.1249	18.0765	0
3975	16 32 21.137	-12 55 18.43	0.62	3.31	2.44	1.82	19.0632	17.8106	16.9117	15.8829	3
3979	16 32 21.067	-12 56 40.79	85.40	84.87	92.01	6.62	99.9999	99.9999	19.0673	17.8681	0
3981	16 32 20.865	-13 12 04.64	0.79	2.94	1.90	1.11	18.6904	17.2599	16.1991	15.0377	3
3983	16 32 20.953	-13 02 52.52	85.30	5.72	92.00	6.71	20.8520	99.9999	19.1610	17.2957	0
3987	16 32 20.932	-13 01 22.64	1.29	84.25	3.41	2.12	99.9999	18.7236	17.1956	15.4140	1
3989	16 32 20.943	-12 58 42.27	0.35	84.25	4.08	3.73	99.9999	19.4769	18.8331	17.7036	1
4007	16 32 20.706	-12 59 20.34	0.92	5.20	4.58	3.66	20.9509	19.9267	18.7470	17.4314	1
4008	16 32 20.660	-13 02 53.42	85.27	84.87	92.00	6.73	99.9999	99.9999	19.1824	18.1152	0
4018	16 32 20.505	-13 03 43.06	85.20	84.87	92.00	6.79	99.9999	99.9999	19.2502	18.1476	0
4027	16 32 20.244	-13 11 28.33	0.55	2.16	1.46	0.91	17.9130	16.8377	16.0078	14.9760	3
4028	16 32 20.227	-13 10 00.71	0.64	4.65	4.25	3.61	20.4015	19.6185	18.7045	17.5379	1
4032	16 32 20.275	-12 59 35.34	0.84	4.42	3.64	2.80	20.1643	18.9922	17.8880	16.6100	1
4033	16 32 20.155	-13 08 43.52	84.92	84.87	91.97	7.05	99.9999	99.9999	19.5203	17.9623	0
4043	16 32 20.083	-13 02 22.83	85.18	84.87	91.99	6.81	99.9999	99.9999	19.2667	18.1816	0
4046	16 32 19.950	-13 12 06.12	1.09	3.28	1.63	0.54	19.0245	16.9639	15.6227	14.0972	3
4052	16 32 19.929	-13 03 29.55	84.95	84.87	91.97	7.03	99.9999	99.9999	19.4900	18.4285	0
4067	16 32 19.745	-12 56 43.36	1.05	84.25	4.71	3.66	99.9999	20.0477	18.7427	17.1437	3
4068	16 32 19.653	-13 04 11.54	1.10	4.48	3.03	1.94	20.2279	18.3645	17.0157	15.4376	3
4080	16 32 19.258	-13 01 35.79	0.25	84.25	4.74	4.49	99.9999	20.1465	19.5974	18.4640	1
4087	16 32 19.086	-13 04 21.34	84.96	84.87	91.97	7.02	99.9999	99.9999	19.4792	18.5485	0
4094	16 32 18.881	-13 03 45.55	0.55	4.83	4.04	3.49	20.5837	19.4186	18.5902	17.3763	1
4097	16 32 18.897	-12 59 57.74	0.77	3.31	2.50	1.72	19.0545	17.8542	16.8130	15.5785	1
4105	16 32 18.502	-13 08 19.20	0.63	4.78	3.74	3.11	20.5338	19.1132	18.2041	17.0463	1
4108	16 32 18.457	-13 03 54.97	84.73	84.86	91.95	7.23	99.9999	99.9999	19.6983	18.5460	0
4112	16 32 18.416	-13 01 24.47	84.89	84.86	91.97	7.08	99.9999	99.9999	19.5450	17.4325	0
4114	16 32 18.405	-13 01 13.22	0.59	84.25	4.36	3.77	99.9999	19.7358	18.8669	17.9243	1
4125	16 32 18.209	-12 59 53.39	0.84	84.25	4.77	3.93	99.9999	20.1213	19.0165	17.5321	1
4127	16 32 18.139	-12 55 52.54	0.58	3.66	3.07	2.48	19.4058	18.4436	17.5803	16.3312	1
4130	16 32 18.123	-12 53 30.42	0.65	4.24	3.17	2.52	19.9898	18.5400	17.6174	16.7988	1
4141	16 32 17.684	-13 11 45.72	0.71	2.34	1.43	0.72	18.0922	16.7914	15.8094	14.6574	1
4144	16 32 17.739	-13 00 03.95	0.66	4.29	3.44	2.79	20.0362	18.8136	17.8816	16.6339	1
4145	16 32 17.636	-13 08 09.72	0.76	3.66	2.81	2.05	19.4141	18.1688	17.1416	15.9576	1
4146	16 32 17.595	-13 11 28.57	0.77	4.31	3.22	2.45	20.0628	18.5754	17.5416	16.2961	1
4154	16 32 17.338	-13 15 22.13	0.35	4.45	3.91	3.56	20.2004	19.3040	18.6608	17.4035	3
4159	16 32 17.390	-13 07 01.46	0.83	4.40	3.50	2.67	20.1451	18.8510	17.7552	16.5596	1
4162	16 32 17.342	-13 03 29.31	85.30	84.87	92.00	6.70	99.9999	99.9999	19.1532	17.9774	0
4166	16 32 17.314	-12 59 30.41	84.67	84.86	91.95	7.27	99.9999	99.9999	19.7476	18.7771	0
4170	16 32 16.831	-13 12 02.80	0.46	-2.11	-2.89	-3.35	13.6405	12.4959	11.7492	10.7734	3
4175	16 32 16.909	-12 59 46.97	85.12	84.87	91.99	6.87	99.9999	99.9999	19.3270	17.5320	0
4180	16 32 16.739	-13 04 57.71	84.77	84.86	91.96	7.19	99.9999	99.9999	19.6574	18.1461	0
4183	16 32 16.688	-13 03 59.98	85.29	5.78	92.00	6.71	20.9170	99.9999	19.1671	18.1130	0
4186	16 32 16.596	-12 59 13.25	85.12	84.87	91.99	6.87	99.9999	99.9999	19.3310	18.0642	0
4188	16 32 16.447	-13 07 29.49	84.93	84.87	91.97	7.04	99.9999	99.9999	19.5100	18.4086	0
4189	16 32 16.453	-13 05 04.52	0.61	4.82	4.04	3.43	20.5658	19.4090	18.5215	17.3182	1
4191	16 32 16.375	-13 09 43.31	0.54	3.06	2.11	1.56	18.8150	17.4859	16.6611	15.5218	3
4193	16 32 16.254	-13 12 39.12	0.62	2.90	2.09	1.47	18.6463	17.4583	16.5648	15.4873	3
4197	16 32 16.332	-12 59 33.78	0.55	84.25	4.45	3.90	99.9999	19.8297	18.9974	17.8163	1
4210	16 32 16.171	-12 54 15.55	0.28	2.43	1.39	1.10	18.1780	16.7884	16.2088	15.0049	3
4213	16 32 15.725	-13 14 55.16	0.54	0.46	-0.34	-0.88	16.2117	15.0392	14.2180	13.2443	3
4217	16 32 15.755	-13 04 52.08	0.95	-0.06	-1.31	-2.25	15.6890	14.0382	12.8314	11.4327	1
4231	16 32 15.264	-13 05 28.29	0.77	1.03	-0.13	-0.90	16.7800	15.2276	14.1858	13.0277	3
4235	16 32 15.182	-13 02 03.27	1.24	-1.29	-3.25	-4.49	14.4599	12.0703	10.5902	9.0169	1
4237	16 32 15.170	-12 59 39.81	1.09	4.08	2.77	1.68	19.8264	18.1027	16.7582	15.2465	1
4241	16 32 15.101	-12 59 25.63	1.06	4.63	2.99	1.93	20.3766	18.3200	17.0108	15.4217	1
4243	16 32 14.590	-13 14 03.18	0.66	3.93	3.14	2.47	19.6838	18.5037	17.5681	16.3241	1
4245	16 32 14.581	-13 11 35.42	0.54	1.82	1.13	0.58	17.5720	16.5043	15.6809	14.6198	3
4249	16 32 14.488	-13 07 23.49	85.15	84.87	91.99	6.84	99.9999	99.9999	19.2988	18.1624	0
4250	16 32 14.479	-13 07 20.08	0.61	2.43	1.58	0.97	18.1753	16.9528	16.0689	14.9721	1
4256	16 32 14.354	-13 04 34.81	85.21	84.87	92.00	6.79	99.9999	99.9999	19.2452	17.9366	0
4260	16 32 14.275	-13 02 13.50	1.15	4.30	2.51	1.36	20.0469	17.8368	16.4365	14.8860	1
4265	16 32 13.773	-13 14 55.05	0.60	2.68	1.93	1.32	18.4307	17.3027	16.4200	15.3676	3
4266	16 32 13.813	-13 11 38.36	0.65	2.97	2.32	1.67	18.7226	17.6883	16.7603	15.6736	3
4270	16 32 13.874	-12 57 00.22	0.90	84.25	4.23	3.34	99.9999	19.5822	18.4248	17.0315	1
4272	16 32 13.802	-13 00 31.22	0.41	4.08	3.49	3.08	19.8271	18.8819	18.1847	17.1856	1
4273	16 32 13.789	-12 58 55.65	0.65	2.31	1.72	1.07	18.0625	17.0882	16.1647	15.0974	1
4275	16 32 13.751	-13 01 30.78	0.74	4.71	4.30	3.55	20.4609	19.6572	18.6444	17.6173	0
4276	16 32 13.740	-13 00 22.18	0.98	84.25	4.30	3.32	99.9999	19.6447	18.4087	16.9572	1
4277	16 32 13.701	-13 01 34.62	85.55	84.87	92.03	6.48	99.9999	99.9999	18.9249	16.2868	0
4283	16 32 13.323	-13 15 29.26	0.35	-0.75	-1.52	-1.86	15.0049	13.8798	13.2409	12.1235	1
4286	16 32 13.147	-13 11 14.96	0.60	2.15	1.38	0.77	17.8992	16.7495	15.8700	14.8283	3
4293	16 32 12.914	-13 08 54.82	1.04	1.08	-0.64	-1.68	16.8243	14.6977	13.4060	12.0136	3
4294	16 32 12.954	-13 05 23.83	0.73	84.25	5.00	4.27	99.9999	20.3591	19.3627	17.3479	1
4295	16 32 12.749	-13 10 19.04	0.51	2.01	1.17	0.66	17.7563	16.5484	15.7585	14.7688	3
4300	16 32 12.811	-12 58 08.57	85.11	5.34	91.99	6.88	20.4758	99.9999	19.3381	18.1518	0
4303	16 32 12.547	-13 12 32.09	0.63	2.73	1.94	1.31	18.4790	17.3080	16.4036	15.3195	1
4306	16 32 12.377	-13 10 16.11	0.71	2.43	1.50	0.79	18.1764	16.8645	15.8814	14.7421	3
4309	16 32 12.429	-13 01 44.59	84.94	84.87	91.97	7.03	99.9999	99.9999	19.4970	18.3723	0
4312	16 32 12.281	-13 06 19.74	0.72	3.50	2.47	1.75	19.2533	17.8304	16.8433	15.6433	1
4313	16 32 12.331	-13 02 14.35	84.94	84.87	91.97	7.04	99.9999	99.9999	19.5003	18.2818	0
4316	16 32 12.165	-13 08 37.32	1.17	4.29	2.27	1.10	20.0319	17.5955	16.1802	14.5711	1
4323	16 32 11.609	-13 03 11.80	84.78	84.86	91.96	7.18	99.9999	99.9999	19.6468	18.4560	0
4329	16 32 11.443	-13 03 36.97	85.04	84.87	91.98	6.94	99.9999	99.9999	19.4031	18.2512	0
4330	16 32 11.049	-13 03 43.69	0.47	5.23	4.52	4.05	20.9774	19.9076	19.1496	18.0478	1
4332	16 32 11.045	-12 59 03.25	0.88	4.18	3.43	2.54	19.9331	18.7747	17.6300	16.3306	1
4333	16 32 10.861	-13 05 49.69	0.87	84.25	4.63	3.76	99.9999	19.9779	18.8446	17.6978	1
4336	16 32 10.584	-13 06 14.06	0.77	3.90	2.79	2.02	19.6469	18.1490	17.1131	15.9734	3
4337	16 32 10.674	-12 57 04.63	85.27	84.87	92.00	6.73	99.9999	99.9999	19.1811	17.9990	0
4343	16 32 10.183	-12 52 33.10	0.50	3.94	3.21	2.71	19.6895	18.5890	17.8056	16.9489	1
4345	16 32 09.905	-13 02 17.25	0.91	3.22	2.13	1.21	18.9693	17.4729	16.2989	14.8976	1
4348	16 32 09.850	-12 56 24.82	0.84	2.59	1.81	0.97	18.3399	17.1593	16.0548	14.9219	3
4350	16 32 09.463	-13 12 06.72	0.94	3.84	2.46	1.51	19.5861	17.8010	16.5979	15.2919	3
4361	16 32 08.810	-13 08 33.41	0.75	4.12	3.01	2.26	19.8715	18.3692	17.3522	16.1271	1
4367	16 32 08.723	-12 54 43.98	0.62	4.51	3.87	3.25	20.2585	19.2394	18.3448	17.5016	1
4371	16 32 08.486	-13 02 45.52	85.05	84.87	91.98	6.93	99.9999	99.9999	19.3925	17.8186	0
4382	16 32 07.764	-12 57 39.37	0.67	84.25	4.24	3.57	99.9999	19.6068	18.6674	17.3278	1
4390	16 32 07.338	-12 55 00.76	1.29	4.24	3.35	2.06	19.9812	18.6659	17.1336	15.9708	1
4396	16 32 06.912	-13 02 19.85	0.74	2.41	1.63	0.89	18.1636	16.9921	15.9775	14.8372	1
4399	16 32 06.563	-13 00 57.02	0.66	3.85	3.38	2.72	19.5976	18.7527	17.8182	16.7121	1
4401	16 32 06.309	-13 10 09.90	0.85	2.92	1.86	1.01	18.6722	17.2111	16.0942	14.8598	1
4402	16 32 06.414	-12 58 15.78	0.46	2.54	1.90	1.44	18.2872	17.2828	16.5382	15.2572	1
4405	16 32 06.127	-13 13 00.30	0.63	4.28	3.38	2.75	20.0330	18.7540	17.8496	16.6547	1
4410	16 32 05.998	-13 03 24.94	85.03	84.87	91.98	6.95	99.9999	99.9999	19.4105	18.3760	0
4412	16 32 05.891	-13 00 13.81	0.73	4.71	4.88	4.15	20.4544	20.2464	19.2461	18.1603	1
4414	16 32 05.736	-13 02 32.34	0.68	3.39	2.79	2.11	19.1443	18.1577	17.2006	16.0665	1
4417	16 32 05.283	-13 12 56.87	0.49	-1.98	-2.77	-3.26	13.7743	12.6096	11.8347	10.8856	3
4418	16 32 05.462	-12 58 13.61	0.97	84.25	3.50	2.53	99.9999	18.8437	17.6162	16.1909	1
4421	16 32 05.146	-13 06 32.16	0.49	84.25	4.23	3.74	99.9999	19.6143	18.8409	17.8863	1
4423	16 32 05.086	-13 03 46.83	85.01	84.87	91.98	6.97	99.9999	99.9999	19.4323	18.1353	0
4425	16 32 04.960	-13 06 22.80	0.71	1.28	0.21	-0.50	17.0289	15.5727	14.5902	13.4215	1
4426	16 32 04.862	-13 09 44.78	0.64	3.77	3.01	2.37	19.5207	18.3816	17.4662	16.3716	1
4427	16 32 04.879	-13 05 20.73	0.85	4.66	3.46	2.61	20.4126	18.8118	17.6986	16.3821	3
4430	16 32 04.456	-12 59 16.66	0.63	3.15	2.58	1.95	18.9022	17.9508	17.0439	15.9256	1
4433	16 32 04.158	-13 02 01.74	1.02	3.51	2.06	1.04	19.2532	17.3944	16.1182	14.6904	1
4434	16 32 03.846	-13 14 22.04	0.91	3.80	2.45	1.54	19.5432	17.8003	16.6284	15.3958	3
4438	16 32 03.519	-13 08 02.06	0.75	4.28	2.96	2.21	20.0336	18.3186	17.2978	16.0220	1
4439	16 32 03.442	-13 00 14.52	0.82	2.67	1.69	0.87	18.4157	17.0423	15.9567	14.8015	3
4441	16 32 03.189	-13 09 57.63	0.80	4.73	4.04	3.23	20.4802	19.3925	18.3210	16.9906	1
4443	16 32 02.301	-13 09 10.59	0.59	2.52	1.75	1.16	18.2726	17.1239	16.2552	15.2327	3
4444	16 32 02.367	-13 03 08.50	0.81	4.20	3.36	2.56	19.9504	18.7186	17.6460	16.3350	1
4448	16 32 02.085	-12 54 35.94	0.12	3.08	1.95	1.83	18.8354	17.3637	16.9363	16.2355	1
4450	16 32 01.479	-13 06 01.21	0.57	1.52	0.80	0.22	17.2702	16.1720	15.3195	14.2666	1
4451	16 32 01.458	-12 57 59.86	0.64	2.67	1.84	1.20	18.4220	17.2097	16.2924	14.9344	1
4455	16 32 01.035	-13 12 12.81	0.70	4.34	3.22	2.52	20.0880	18.5880	17.6135	16.4255	1
4457	16 32 00.928	-13 10 37.43	0.83	3.38	2.28	1.45	19.1301	17.6341	16.5345	15.2784	1
4462	16 32 00.223	-12 56 50.07	1.06	4.45	4.18	3.12	20.1993	19.5112	18.2001	17.5957	1
4467	16 31 59.225	-13 00 36.08	0.67	4.55	4.01	3.34	20.2950	19.3812	18.4380	17.2534	1
4471	16 31 58.247	-13 13 24.44	1.04	-0.72	-2.54	-3.58	15.0249	12.7920	11.5025	9.9801	1
4473	16 31 57.940	-13 09 38.47	0.94	2.83	1.41	0.47	18.5737	16.7556	15.5600	14.1518	1
4475	16 31 57.693	-12 57 43.29	0.65	3.70	2.83	2.18	19.4461	18.1971	17.2723	16.1720	1
4477	16 31 57.466	-13 11 12.50	0.68	2.58	1.58	0.91	18.3280	16.9515	16.0019	14.8689	3
4479	16 31 57.330	-12 56 06.38	0.62	3.16	2.89	2.27	18.9072	18.2603	17.3678	16.2349	1
4480	16 31 56.804	-13 04 11.94	0.62	2.72	2.06	1.44	18.4750	17.4356	16.5378	15.3641	1
4481	16 31 56.750	-12 59 43.28	1.19	1.15	0.69	-0.50	16.8981	16.0155	14.5771	13.4721	3
4482	16 31 56.719	-12 59 11.62	0.71	2.84	2.58	1.87	18.5929	17.9476	16.9613	15.7929	1
4484	16 31 56.188	-13 02 25.22	1.08	4.47	3.05	1.97	20.2212	18.3843	17.0538	15.5720	1
4485	16 31 55.377	-13 03 53.82	0.88	3.08	2.39	1.51	18.8245	17.7425	16.6019	15.3766	1
4486	16 31 55.344	-13 03 57.31	0.93	3.55	2.45	1.52	19.2969	17.7964	16.6051	15.2503	1
4487	16 31 55.390	-12 58 45.87	0.83	3.52	3.08	2.25	19.2696	18.4316	17.3407	16.4373	1
4489	16 31 54.706	-13 12 28.53	0.73	2.09	0.61	-0.12	17.8350	15.9754	14.9761	13.4842	3
4494	16 31 54.079	-12 59 54.73	0.82	2.87	2.57	1.75	18.6225	17.9203	16.8358	15.4784	1
4495	16 31 53.883	-13 08 39.48	0.64	3.53	2.71	2.07	19.2801	18.0788	17.1604	16.0415	1
4496	16 31 53.982	-13 00 14.71	0.80	4.54	3.76	2.95	20.2862	19.1115	18.0400	16.9108	1
4497	16 31 53.879	-13 00 25.02	1.04	1.83	1.34	0.30	17.5774	16.6761	15.3845	13.9681	1
4498	16 31 53.670	-13 11 20.06	0.61	2.54	1.78	1.17	18.2899	17.1542	16.2639	15.2262	1
4500	16 31 53.410	-13 03 47.37	0.73	4.15	3.63	2.90	19.8987	18.9906	17.9871	16.8238	1
4501	16 31 52.932	-13 04 54.34	0.60	3.68	3.28	2.68	19.4294	18.6536	17.7730	16.7663	1
4502	16 31 52.986	-13 00 30.52	0.72	3.06	2.42	1.70	18.8074	17.7828	16.7933	15.6900	3
4505	16 31 52.428	-13 09 40.58	0.70	3.12	2.38	1.68	18.8669	17.7406	16.7726	15.6428	1
4507	16 31 52.384	-13 05 34.70	0.81	3.53	2.84	2.03	19.2800	18.1908	17.1149	15.9236	1
4508	16 31 52.261	-13 02 34.59	0.73	4.49	3.04	2.31	20.2407	18.4013	17.4042	16.2670	3
4511	16 31 51.689	-13 05 43.93	0.53	4.21	3.37	2.84	19.9655	18.7517	17.9391	16.7719	1
4513	16 31 51.478	-13 10 45.62	0.92	4.86	3.18	2.26	20.6044	18.5289	17.3452	16.1021	3
4514	16 31 51.395	-13 00 34.50	1.28	3.77	3.53	2.25	19.5115	18.8442	17.3238	16.3231	1
4515	16 31 51.160	-13 01 31.65	0.67	4.48	3.96	3.30	20.2307	19.3301	18.3891	17.6748	1
4518	16 31 50.752	-13 12 40.21	0.79	3.57	2.49	1.70	19.3184	17.8499	16.7891	15.5684	3
4519	16 31 50.757	-13 00 01.85	0.71	4.38	3.83	3.12	20.1324	19.1955	18.2124	17.8371	1
4520	16 31 50.751	-12 57 54.62	1.13	1.55	0.86	-0.26	17.3004	16.1899	14.8151	13.9861	1
4522	16 31 49.977	-13 11 09.90	0.60	1.54	0.58	-0.02	17.2921	15.9505	15.0721	13.7523	1
4523	16 31 49.204	-13 10 34.86	0.87	0.11	-0.71	-1.58	15.8587	14.6419	13.5110	12.2272	1
4528	16 31 48.614	-13 03 22.60	0.58	1.09	0.35	-0.23	16.8427	15.7252	14.8694	13.9925	3
4529	16 31 48.521	-13 03 04.41	0.70	4.47	3.82	3.11	20.2240	19.1800	18.2055	17.0398	1
4531	16 31 48.269	-13 01 40.21	0.88	3.69	2.73	1.86	19.4341	18.0833	16.9449	15.8051	3
4532	16 31 47.311	-13 08 50.91	0.76	4.60	3.67	2.91	20.3510	19.0321	18.0026	16.8961	1
4533	16 31 46.914	-13 06 05.02	1.22	2.83	1.37	0.15	18.5806	16.6887	15.2298	13.7645	1
4534	16 31 46.898	-13 05 43.56	0.82	3.67	2.92	2.10	19.4143	18.2752	17.1918	16.0676	1
4535	16 31 46.565	-13 04 27.27	1.30	3.12	2.55	1.25	18.8677	17.8622	16.3235	14.9809	1
4536	16 31 46.583	-13 01 07.59	1.71	2.92	2.51	0.80	18.6662	17.7863	15.8623	14.9233	3
4537	16 31 45.931	-13 07 12.01	0.79	3.69	2.69	1.90	19.4390	18.0488	16.9902	15.8802	3
