HD029441      33.0187      37.6309      18.7656
-1500.0004   -0.016548   -0.022497   -0.015807
-1492.5004   -0.016800   -0.022915   -0.018086
-1485.0004   -0.017234   -0.022599   -0.019578
-1477.5004   -0.017247   -0.021332   -0.021041
-1470.0004   -0.017023   -0.020060   -0.022885
-1462.5004   -0.017208   -0.020136   -0.024789
-1455.0004   -0.018209   -0.021815   -0.026124
-1447.5004   -0.020079   -0.024269   -0.027015
-1440.0004   -0.022919   -0.026655   -0.028043
-1432.5004   -0.025992   -0.028126   -0.029555
-1425.0004   -0.028471   -0.028548   -0.030989
-1417.5004   -0.030494   -0.028202   -0.031823
-1410.0004   -0.031524   -0.028164   -0.031915
-1402.5004   -0.031546   -0.028974   -0.031530
-1395.0004   -0.031069   -0.030001   -0.030643
-1387.5004   -0.029988   -0.030305   -0.029020
-1380.0004   -0.027647   -0.029861   -0.027448
-1372.5004   -0.024565   -0.029188   -0.026697
-1365.0004   -0.022314   -0.028427   -0.027010
-1357.5004   -0.021464   -0.027503   -0.027731
-1350.0004   -0.021041   -0.026827   -0.027885
-1342.5004   -0.019832   -0.026354   -0.026989
-1335.0004   -0.017853   -0.025541   -0.025336
-1327.5004   -0.016296   -0.024372   -0.023838
-1320.0004   -0.015850   -0.023061   -0.022931
-1312.5004   -0.016443   -0.022259   -0.022725
-1305.0004   -0.017240   -0.022717   -0.022848
-1297.5003   -0.017525   -0.024086   -0.023794
-1290.0003   -0.017368   -0.025833   -0.025321
-1282.5003   -0.017425   -0.026805   -0.027193
-1275.0003   -0.018226   -0.027006   -0.028198
-1267.5003   -0.019365   -0.026729   -0.027981
-1260.0003   -0.020065   -0.026208   -0.026498
-1252.5003   -0.020191   -0.025381   -0.024420
-1245.0003   -0.020416   -0.023620   -0.022385
-1237.5003   -0.020674   -0.020850   -0.020528
-1230.0003   -0.020965   -0.017741   -0.018951
-1222.5003   -0.021617   -0.015301   -0.017857
-1215.0003   -0.022671   -0.014027   -0.017333
-1207.5003   -0.023616   -0.013664   -0.017488
-1200.0003   -0.023671   -0.014394   -0.017991
-1192.5003   -0.022947   -0.016057   -0.018415
-1185.0003   -0.022182   -0.018191   -0.018403
-1177.5003   -0.021842   -0.020295   -0.018233
-1170.0003   -0.021944   -0.021870   -0.018348
-1162.5003   -0.022231   -0.022776   -0.018402
-1155.0003   -0.021869   -0.022871   -0.018329
-1147.5003   -0.021125   -0.022077   -0.018293
-1140.0003   -0.020187   -0.020461   -0.018392
-1132.5003   -0.019455   -0.018098   -0.018383
-1125.0003   -0.018610   -0.015387   -0.018204
-1117.5003   -0.017097   -0.012894   -0.017698
-1110.0003   -0.014887   -0.011400   -0.017056
-1102.5003   -0.012979   -0.010876   -0.015955
-1095.0003   -0.012079   -0.011615   -0.014620
-1087.5003   -0.012144   -0.013005   -0.012883
-1080.0003   -0.012707   -0.014063   -0.010783
-1072.5003   -0.013693   -0.014218   -0.008744
-1065.0003   -0.014539   -0.013705   -0.007310
-1057.5003   -0.014540   -0.012861   -0.006815
-1050.0003   -0.013457   -0.011952   -0.007005
-1042.5003   -0.011543   -0.011569   -0.007325
-1035.0003   -0.009590   -0.011897   -0.007574
-1027.5003   -0.008077   -0.012370   -0.008140
-1020.0003   -0.006763   -0.012543   -0.009206
-1012.5003   -0.005525   -0.012414   -0.010349
-1005.0003   -0.004910   -0.011816   -0.010639
 -997.5003   -0.005114   -0.010715   -0.009902
 -990.0003   -0.005235   -0.009915   -0.008334
 -982.5003   -0.004783   -0.010091   -0.006551
 -975.0003   -0.004006   -0.010834   -0.005421
 -967.5003   -0.003303   -0.010863   -0.004463
 -960.0003   -0.002671   -0.009647   -0.003860
 -952.5003   -0.002997   -0.008098   -0.004093
 -945.0003   -0.004285   -0.007076   -0.005136
 -937.5003   -0.005997   -0.006727   -0.005779
 -930.0002   -0.007594   -0.006999   -0.005559
 -922.5002   -0.008695   -0.007862   -0.004473
 -915.0002   -0.009494   -0.008861   -0.003473
 -907.5002   -0.010141   -0.009414   -0.003493
 -900.0002   -0.010239   -0.008844   -0.004230
 -892.5002   -0.009674   -0.007361   -0.005064
 -885.0002   -0.008932   -0.005710   -0.005444
 -877.5002   -0.008355   -0.005094   -0.004942
 -870.0002   -0.008024   -0.005713   -0.004337
 -862.5002   -0.007439   -0.007039   -0.004515
 -855.0002   -0.006244   -0.007985   -0.005779
 -847.5002   -0.004599   -0.008049   -0.007461
 -840.0002   -0.002855   -0.007262   -0.008166
 -832.5002   -0.001508   -0.005508   -0.007119
 -825.0002   -0.000746   -0.003215   -0.005511
 -817.5002   -0.000653   -0.001346   -0.004413
 -810.0002   -0.001687   -0.000502   -0.003959
 -802.5002   -0.003856   -0.000335   -0.003692
 -795.0002   -0.006003   -0.000152   -0.002801
 -787.5002   -0.006265    0.000564   -0.000842
 -780.0002   -0.003976    0.001938    0.001645
 -772.5002   -0.000262    0.003604    0.003230
 -765.0002    0.002481    0.004992    0.002846
 -757.5002    0.002648    0.004949    0.000892
 -750.0002    0.001298    0.003259   -0.001362
 -742.5002   -0.000473    0.000860   -0.002370
 -735.0002   -0.001985   -0.001525   -0.002131
 -727.5002   -0.003521   -0.003645   -0.001729
 -720.0002   -0.004794   -0.005523   -0.001922
 -712.5002   -0.005282   -0.006549   -0.002021
 -705.0002   -0.004907   -0.005830   -0.001244
 -697.5002   -0.003992   -0.003677    0.000623
 -690.0002   -0.002631   -0.000931    0.003045
 -682.5002   -0.000721    0.002020    0.005664
 -675.0002    0.001452    0.005718    0.008022
 -667.5002    0.003568    0.009654    0.009813
 -660.0002    0.005202    0.013230    0.010928
 -652.5002    0.006460    0.015707    0.011723
 -645.0002    0.007298    0.016965    0.012422
 -637.5002    0.008215    0.017352    0.012968
 -630.0002    0.009912    0.017370    0.013580
 -622.5002    0.012381    0.017033    0.014185
 -615.0002    0.014673    0.016345    0.015028
 -607.5002    0.016224    0.015917    0.017038
 -600.0002    0.017717    0.016751    0.019702
 -592.5002    0.019542    0.019130    0.021932
 -585.0002    0.021376    0.022318    0.022827
 -577.5002    0.022439    0.025151    0.022472
 -570.0002    0.022038    0.026907    0.021924
 -562.5002    0.020970    0.027147    0.021987
 -555.0001    0.019964    0.026349    0.022803
 -547.5001    0.019418    0.025181    0.023943
 -540.0001    0.019390    0.024447    0.025417
 -532.5001    0.019947    0.024626    0.027179
 -525.0001    0.021238    0.025538    0.028629
 -517.5001    0.022301    0.025998    0.028670
 -510.0001    0.022510    0.025500    0.027348
 -502.5001    0.021852    0.024484    0.025528
 -495.0001    0.020845    0.023494    0.023210
 -487.5001    0.019509    0.022815    0.020412
 -480.0001    0.017990    0.022476    0.017667
 -472.5001    0.016569    0.021735    0.015817
 -465.0001    0.016003    0.020629    0.014936
 -457.5001    0.016551    0.019236    0.015160
 -450.0001    0.017519    0.018368    0.016282
 -442.5001    0.018107    0.018550    0.016785
 -435.0001    0.018287    0.019809    0.016428
 -427.5001    0.018521    0.021717    0.016047
 -420.0001    0.019231    0.023535    0.016272
 -412.5001    0.020716    0.024568    0.017068
 -405.0001    0.022381    0.024965    0.018421
 -397.5001    0.023730    0.025010    0.019832
 -390.0001    0.024305    0.024824    0.020311
 -382.5001    0.024058    0.024176    0.019536
 -375.0001    0.023120    0.023294    0.018091
 -367.5001    0.021483    0.022436    0.016994
 -360.0001    0.019525    0.021313    0.016612
 -352.5001    0.018011    0.019719    0.017260
 -345.0001    0.017018    0.018268    0.019314
 -337.5001    0.016638    0.017618    0.022207
 -330.0001    0.016615    0.017390    0.025135
 -322.5001    0.017030    0.017581    0.027076
 -315.0001    0.017868    0.018469    0.027965
 -307.5001    0.018708    0.019744    0.028073
 -300.0001    0.019582    0.020917    0.028470
 -292.5001    0.020458    0.021539    0.029876
 -285.0001    0.021557    0.021847    0.031634
 -277.5001    0.022636    0.022108    0.032819
 -270.0001    0.023378    0.022528    0.032426
 -262.5001    0.023619    0.023092    0.031272
 -255.0001    0.024105    0.023668    0.030256
 -247.5001    0.025733    0.024083    0.030058
 -240.0001    0.028483    0.024247    0.030472
 -232.5001    0.031406    0.024226    0.031222
 -225.0001    0.033579    0.024308    0.032421
 -217.5001    0.034589    0.024939    0.033744
 -210.0001    0.035158    0.026214    0.034661
 -202.5001    0.035428    0.027732    0.034777
 -195.0001    0.035409    0.028939    0.034854
 -187.5001    0.035860    0.030229    0.035603
 -180.0000    0.037162    0.032154    0.037175
 -172.5000    0.039100    0.035230    0.039500
 -165.0000    0.041233    0.039037    0.041881
 -157.5000    0.043761    0.043001    0.045126
 -150.0000    0.047383    0.047022    0.049098
 -142.5000    0.051908    0.051006    0.052542
 -135.0000    0.056206    0.054649    0.054843
 -127.5000    0.059200    0.057041    0.055766
 -120.0000    0.060675    0.057848    0.055820
 -112.5000    0.061407    0.057793    0.055409
 -105.0000    0.062092    0.057830    0.055059
  -97.5000    0.062933    0.058229    0.055354
  -90.0000    0.063691    0.059309    0.056409
  -82.5000    0.064576    0.061235    0.058512
  -75.0000    0.066677    0.063857    0.061402
  -67.5000    0.069596    0.066407    0.064087
  -60.0000    0.072035    0.067932    0.066124
  -52.5000    0.073062    0.068566    0.067636
  -45.0000    0.073062    0.068780    0.068754
  -37.5000    0.073079    0.069471    0.070052
  -30.0000    0.074116    0.070813    0.071864
  -22.5000    0.076235    0.072702    0.075121
  -15.0000    0.078895    0.074665    0.080819
   -7.5000    0.081590    0.076474    0.089793
    0.0000    0.085354    0.078667    0.101465
    7.5000    0.091031    0.081508    0.112721
   15.0000    0.101622    0.088280    0.120968
   22.5000    0.114900    0.099032    0.121261
   30.0000    0.124543    0.110262    0.112161
   37.5000    0.124433    0.115579    0.097465
   45.0000    0.113551    0.111111    0.083567
   52.5000    0.097221    0.099304    0.073913
   60.0000    0.082664    0.086321    0.068000
   67.5000    0.072798    0.076898    0.063866
   75.0000    0.066846    0.071274    0.060554
   82.5000    0.062733    0.067787    0.058204
   90.0000    0.059299    0.064811    0.056919
   97.5000    0.056303    0.061514    0.056493
  105.0000    0.053991    0.058269    0.055920
  112.5000    0.052334    0.055240    0.054666
  120.0000    0.051448    0.052568    0.053085
  127.5000    0.051278    0.051080    0.052574
  135.0000    0.051592    0.050410    0.052579
  142.5000    0.052121    0.050226    0.052075
  150.0000    0.051587    0.049204    0.050725
  157.5000    0.049636    0.046757    0.049139
  165.0000    0.046817    0.043363    0.047780
  172.5000    0.044171    0.040470    0.046441
  180.0000    0.042720    0.039098    0.044593
  187.5001    0.042748    0.038806    0.042447
  195.0001    0.043345    0.038506    0.039669
  202.5001    0.043482    0.037320    0.036471
  210.0001    0.042918    0.035538    0.033773
  217.5001    0.041818    0.034294    0.032204
  225.0001    0.040495    0.033853    0.031649
  232.5001    0.038931    0.033961    0.031986
  240.0001    0.036978    0.033893    0.033080
  247.5001    0.035338    0.033527    0.034140
  255.0001    0.034380    0.033315    0.034349
  262.5001    0.033599    0.033351    0.033222
  270.0001    0.032304    0.033285    0.031371
  277.5001    0.030778    0.033157    0.029529
  285.0001    0.029590    0.032214    0.028395
  292.5001    0.028829    0.030271    0.028262
  300.0001    0.028538    0.028002    0.029091
  307.5001    0.028961    0.026517    0.029917
  315.0001    0.029932    0.025776    0.030012
  322.5001    0.030380    0.024964    0.029461
  330.0001    0.029334    0.023393    0.028396
  337.5001    0.026585    0.021194    0.026727
  345.0001    0.022877    0.018592    0.024839
  352.5001    0.019870    0.016551    0.023418
  360.0001    0.018327    0.015568    0.022164
  367.5001    0.017620    0.015509    0.020267
  375.0001    0.016598    0.016290    0.017101
  382.5001    0.014846    0.017769    0.014113
  390.0001    0.012650    0.019807    0.012792
  397.5001    0.011196    0.021323    0.012825
  405.0001    0.010970    0.021645    0.012741
  412.5001    0.011543    0.020316    0.012124
  420.0001    0.012153    0.017299    0.011279
  427.5001    0.012600    0.013757    0.010319
  435.0001    0.012629    0.010689    0.008855
  442.5001    0.012142    0.008523    0.007796
  450.0001    0.011208    0.008036    0.008200
  457.5001    0.010043    0.009273    0.010061
  465.0001    0.009249    0.011244    0.012361
  472.5001    0.009446    0.013292    0.014103
  480.0001    0.010336    0.014881    0.014500
  487.5001    0.010915    0.015741    0.013672
  495.0001    0.010713    0.016570    0.012149
  502.5001    0.010024    0.017269    0.010756
  510.0001    0.009074    0.017778    0.009821
  517.5001    0.007963    0.018077    0.009612
  525.0001    0.007092    0.018330    0.010590
  532.5001    0.006607    0.018569    0.012587
  540.0001    0.006293    0.018480    0.014359
  547.5001    0.006157    0.017531    0.015075
  555.0001    0.006135    0.015344    0.014563
  562.5002    0.006031    0.012195    0.013757
  570.0002    0.005609    0.008886    0.013394
  577.5002    0.005626    0.006248    0.013092
  585.0002    0.005961    0.004681    0.012333
  592.5002    0.005941    0.003942    0.011255
  600.0002    0.004981    0.003650    0.010377
  607.5002    0.003451    0.003448    0.009864
  615.0002    0.002441    0.003476    0.009698
  622.5002    0.002983    0.003949    0.009286
  630.0002    0.005092    0.004666    0.008917
  637.5002    0.007563    0.005839    0.009017
  645.0002    0.009151    0.007163    0.009269
  652.5002    0.009539    0.008477    0.008820
  660.0002    0.009560    0.009153    0.007894
  667.5002    0.010194    0.009386    0.006973
  675.0002    0.011221    0.009798    0.006292
  682.5002    0.011791    0.009975    0.006115
  690.0002    0.011299    0.009070    0.006559
  697.5002    0.009884    0.007445    0.007556
  705.0002    0.008032    0.006093    0.008962
  712.5002    0.006074    0.005871    0.010042
  720.0002    0.004463    0.006410    0.009893
  727.5002    0.003511    0.006703    0.008447
  735.0002    0.003126    0.006274    0.006883
  742.5002    0.002911    0.005610    0.006173
  750.0002    0.003239    0.005465    0.006466
  757.5002    0.004049    0.006163    0.008035
  765.0002    0.005361    0.007452    0.010897
  772.5002    0.007542    0.009216    0.014667
  780.0002    0.010432    0.011647    0.018293
  787.5002    0.013121    0.014303    0.021004
  795.0002    0.014774    0.016645    0.022549
  802.5002    0.015704    0.018329    0.023099
  810.0002    0.016583    0.019456    0.022624
  817.5002    0.017055    0.020218    0.020501
  825.0002    0.016404    0.020297    0.016841
  832.5002    0.014568    0.019571    0.013570
  840.0002    0.012804    0.017733    0.012319
  847.5002    0.012269    0.015124    0.013309
  855.0002    0.012855    0.012917    0.015209
  862.5002    0.013624    0.012140    0.017099
  870.0002    0.014009    0.012367    0.018270
  877.5002    0.014075    0.013024    0.018544
  885.0002    0.013788    0.013881    0.018204
  892.5002    0.013217    0.014767    0.017756
  900.0002    0.012626    0.015424    0.017571
  907.5002    0.012959    0.016346    0.018091
  915.0002    0.014246    0.017404    0.018988
  922.5002    0.015966    0.017974    0.019541
  930.0002    0.017447    0.017432    0.018928
  937.5003    0.018291    0.016229    0.017554
  945.0003    0.018253    0.015222    0.016837
  952.5003    0.017494    0.014881    0.017586
  960.0003    0.016967    0.015193    0.018891
  967.5003    0.017408    0.016245    0.019857
  975.0003    0.018475    0.017937    0.020597
  982.5003    0.019751    0.019599    0.021258
  990.0003    0.021085    0.020783    0.021303
  997.5003    0.022553    0.021527    0.020682
 1005.0003    0.024112    0.022321    0.020275
 1012.5003    0.025600    0.023221    0.020873
 1020.0003    0.026865    0.024472    0.021899
 1027.5003    0.027890    0.026186    0.022762
 1035.0003    0.028638    0.027501    0.023799
 1042.5003    0.029122    0.027769    0.025420
 1050.0003    0.029493    0.027475    0.027850
 1057.5003    0.029942    0.027337    0.031197
 1065.0003    0.030503    0.028107    0.034984
 1072.5003    0.031311    0.030587    0.038510
 1080.0003    0.032221    0.034292    0.040702
 1087.5003    0.032770    0.037760    0.040358
 1095.0003    0.032651    0.039982    0.037639
 1102.5003    0.032183    0.040244    0.034354
 1110.0003    0.031637    0.038488    0.032355
 1117.5003    0.031283    0.035744    0.031699
 1125.0003    0.030887    0.033282    0.031063
 1132.5003    0.030110    0.031866    0.029914
 1140.0003    0.029375    0.031427    0.028795
 1147.5003    0.028883    0.031644    0.028219
 1155.0003    0.028552    0.032370    0.027934
 1162.5003    0.028533    0.033312    0.027941
 1170.0003    0.028862    0.034107    0.028264
 1177.5003    0.029661    0.034278    0.028811
 1185.0003    0.030309    0.033141    0.029472
 1192.5003    0.030103    0.030871    0.030081
 1200.0003    0.028734    0.028688    0.030685
 1207.5003    0.026929    0.027209    0.031583
 1215.0003    0.025616    0.026326    0.032629
 1222.5003    0.025170    0.025856    0.032919
 1230.0003    0.024782    0.025567    0.031955
 1237.5003    0.023687    0.025266    0.030252
 1245.0003    0.021818    0.024958    0.028976
 1252.5003    0.019846    0.024684    0.028769
 1260.0003    0.018693    0.024681    0.029076
 1267.5003    0.018685    0.025063    0.029023
 1275.0003    0.019174    0.025558    0.028148
 1282.5003    0.019850    0.025554    0.026727
 1290.0003    0.020910    0.024865    0.025020
 1297.5003    0.022083    0.023810    0.023354
 1305.0004    0.022717    0.022820    0.022197
 1312.5004    0.022263    0.021994    0.021351
 1320.0004    0.020814    0.021114    0.020700
 1327.5004    0.019593    0.020374    0.020271
 1335.0004    0.019297    0.020314    0.020222
 1342.5004    0.019890    0.021408    0.020649
 1350.0004    0.021252    0.023499    0.020973
 1357.5004    0.022219    0.025452    0.021015
 1365.0004    0.022280    0.026343    0.021302
 1372.5004    0.021583    0.026301    0.022044
 1380.0004    0.020695    0.025860    0.023220
 1387.5004    0.020654    0.025331    0.024682
 1395.0004    0.021940    0.025005    0.025936
 1402.5004    0.024091    0.025308    0.026801
 1410.0004    0.026232    0.026303    0.027597
 1417.5004    0.027361    0.027010    0.028188
 1425.0004    0.027137    0.026824    0.028499
 1432.5004    0.026163    0.026099    0.029160
 1440.0004    0.025233    0.025581    0.029672
 1447.5004    0.024331    0.025653    0.029313
 1455.0004    0.023377    0.026039    0.028249
 1462.5004    0.022882    0.026637    0.027134
 1470.0004    0.022844    0.027169    0.026900
 1477.5004    0.023198    0.027151    0.027353
 1485.0004    0.023191    0.026583    0.027673
 1492.5004    0.022351    0.025390    0.027148
 1500.0004    0.020579    0.023541    0.025839
