HD043544
-1500.0004   -0.027309   -0.027439   -0.026347
-1492.5004   -0.028840   -0.026021   -0.024652
-1485.0004   -0.031327   -0.025364   -0.021850
-1477.5004   -0.033448   -0.025714   -0.018869
-1470.0004   -0.034346   -0.026636   -0.016783
-1462.5004   -0.034310   -0.027554   -0.016723
-1455.0004   -0.034253   -0.028413   -0.018695
-1447.5004   -0.034968   -0.029883   -0.021913
-1440.0004   -0.036911   -0.032319   -0.025122
-1432.5004   -0.039568   -0.035129   -0.028017
-1425.0004   -0.042570   -0.037545   -0.030858
-1417.5004   -0.044998   -0.038772   -0.033945
-1410.0004   -0.045929   -0.038921   -0.036689
-1402.5004   -0.044955   -0.038836   -0.038659
-1395.0004   -0.043128   -0.038884   -0.039601
-1387.5004   -0.041462   -0.037974   -0.039891
-1380.0004   -0.040521   -0.034930   -0.039492
-1372.5004   -0.040169   -0.031191   -0.037501
-1365.0004   -0.040096   -0.028013   -0.033908
-1357.5004   -0.040144   -0.026544   -0.029835
-1350.0004   -0.040302   -0.026962   -0.026391
-1342.5004   -0.040320   -0.029573   -0.023808
-1335.0004   -0.039491   -0.032803   -0.022032
-1327.5004   -0.037435   -0.034437   -0.020839
-1320.0004   -0.034723   -0.033755   -0.020352
-1312.5004   -0.032037   -0.031653   -0.020769
-1305.0004   -0.029433   -0.029351   -0.021897
-1297.5003   -0.026876   -0.027566   -0.023376
-1290.0003   -0.024706   -0.026575   -0.024715
-1282.5003   -0.023362   -0.026391   -0.025803
-1275.0003   -0.022571   -0.026996   -0.026252
-1267.5003   -0.021949   -0.028040   -0.026365
-1260.0003   -0.021752   -0.029384   -0.026653
-1252.5003   -0.021960   -0.030575   -0.027579
-1245.0003   -0.021883   -0.031634   -0.028701
-1237.5003   -0.021609   -0.032265   -0.028971
-1230.0003   -0.021002   -0.032509   -0.028369
-1222.5003   -0.020287   -0.032409   -0.028007
-1215.0003   -0.019736   -0.031962   -0.028121
-1207.5003   -0.019326   -0.031331   -0.027933
-1200.0003   -0.018425   -0.031002   -0.026834
-1192.5003   -0.016865   -0.031314   -0.024806
-1185.0003   -0.015362   -0.032246   -0.022079
-1177.5003   -0.014687   -0.033376   -0.019498
-1170.0003   -0.015279   -0.034437   -0.017577
-1162.5003   -0.017088   -0.035251   -0.016894
-1155.0003   -0.019668   -0.035303   -0.017720
-1147.5003   -0.022250   -0.033938   -0.019484
-1140.0003   -0.023449   -0.031557   -0.021540
-1132.5003   -0.022210   -0.029474   -0.023173
-1125.0003   -0.018975   -0.027585   -0.024069
-1117.5003   -0.015533   -0.025938   -0.023746
-1110.0003   -0.013283   -0.024882   -0.021999
-1102.5003   -0.012318   -0.024593   -0.019513
-1095.0003   -0.012286   -0.024104   -0.017414
-1087.5003   -0.012660   -0.022744   -0.016358
-1080.0003   -0.013815   -0.021171   -0.015938
-1072.5003   -0.015990   -0.020104   -0.015735
-1065.0003   -0.018811   -0.019979   -0.015292
-1057.5003   -0.021100   -0.020446   -0.014583
-1050.0003   -0.021787   -0.020350   -0.013591
-1042.5003   -0.020490   -0.019221   -0.012344
-1035.0003   -0.017415   -0.017009   -0.011136
-1027.5003   -0.013544   -0.014003   -0.009806
-1020.0003   -0.009926   -0.010773   -0.008190
-1012.5003   -0.007529   -0.008601   -0.006169
-1005.0003   -0.006748   -0.008548   -0.004339
 -997.5003   -0.007142   -0.010460   -0.003753
 -990.0003   -0.007961   -0.013199   -0.005217
 -982.5003   -0.009031   -0.015455   -0.008667
 -975.0003   -0.010273   -0.017145   -0.012857
 -967.5003   -0.011524   -0.017977   -0.016173
 -960.0003   -0.013026   -0.017614   -0.017870
 -952.5003   -0.014192   -0.015529   -0.018406
 -945.0003   -0.014322   -0.012615   -0.019011
 -937.5003   -0.013707   -0.010716   -0.019899
 -930.0002   -0.012948   -0.010298   -0.020112
 -922.5002   -0.012549   -0.011013   -0.018756
 -915.0002   -0.011746   -0.012066   -0.016519
 -907.5002   -0.010219   -0.012497   -0.014109
 -900.0002   -0.008482   -0.012653   -0.012443
 -892.5002   -0.007497   -0.013313   -0.012140
 -885.0002   -0.007692   -0.015014   -0.013133
 -877.5002   -0.009204   -0.017413   -0.015028
 -870.0002   -0.011491   -0.019287   -0.017682
 -862.5002   -0.013347   -0.019802   -0.020404
 -855.0002   -0.013787   -0.018967   -0.022074
 -847.5002   -0.012177   -0.017935   -0.021969
 -840.0002   -0.008822   -0.017730   -0.020707
 -832.5002   -0.004623   -0.018389   -0.018804
 -825.0002   -0.000385   -0.018873   -0.016902
 -817.5002    0.003119   -0.018224   -0.015261
 -810.0002    0.005115   -0.015965   -0.014149
 -802.5002    0.005234   -0.012738   -0.013320
 -795.0002    0.003882   -0.009893   -0.012203
 -787.5002    0.001910   -0.008260   -0.010499
 -780.0002    0.000003   -0.007285   -0.008101
 -772.5002   -0.001416   -0.006397   -0.006296
 -765.0002   -0.001753   -0.005481   -0.006388
 -757.5002   -0.000798   -0.004590   -0.007868
 -750.0002    0.001308   -0.004004   -0.009596
 -742.5002    0.003562   -0.003677   -0.010140
 -735.0002    0.004856   -0.004096   -0.009073
 -727.5002    0.004821   -0.005295   -0.007214
 -720.0002    0.003961   -0.006326   -0.005861
 -712.5002    0.003304   -0.007104   -0.005464
 -705.0002    0.003607   -0.008558   -0.005550
 -697.5002    0.005126   -0.010210   -0.005481
 -690.0002    0.007464   -0.010605   -0.005458
 -682.5002    0.009856   -0.009050   -0.005232
 -675.0002    0.011847   -0.005952   -0.004266
 -667.5002    0.013309   -0.002461   -0.002861
 -660.0002    0.014445    0.000202   -0.001899
 -652.5002    0.014908    0.001270   -0.002302
 -645.0002    0.014396    0.000800   -0.003496
 -637.5002    0.013530   -0.000352   -0.004197
 -630.0002    0.012961   -0.001717   -0.003587
 -622.5002    0.013141   -0.002588   -0.002497
 -615.0002    0.014192   -0.001972   -0.001522
 -607.5002    0.015859    0.000830   -0.000916
 -600.0002    0.017705    0.005108    0.000458
 -592.5002    0.019220    0.009248    0.003366
 -585.0002    0.020086    0.012562    0.007002
 -577.5002    0.020872    0.014589    0.009905
 -570.0002    0.022364    0.015396    0.011447
 -562.5002    0.024430    0.015270    0.011868
 -555.0001    0.026395    0.014731    0.012226
 -547.5001    0.027994    0.014390    0.013371
 -540.0001    0.029159    0.014416    0.014733
 -532.5001    0.029803    0.014729    0.015072
 -525.0001    0.029556    0.014981    0.013530
 -517.5001    0.028697    0.014748    0.010726
 -510.0001    0.027823    0.013912    0.008221
 -502.5001    0.027120    0.012790    0.007293
 -495.0001    0.026498    0.011984    0.008051
 -487.5001    0.024694    0.011735    0.009688
 -480.0001    0.021513    0.012274    0.011339
 -472.5001    0.017785    0.012955    0.012474
 -465.0001    0.014858    0.013256    0.013476
 -457.5001    0.013754    0.012570    0.014387
 -450.0001    0.014262    0.011324    0.014729
 -442.5001    0.015529    0.010856    0.014189
 -435.0001    0.016709    0.011991    0.012841
 -427.5001    0.017859    0.014998    0.011560
 -420.0001    0.019367    0.019598    0.011173
 -412.5001    0.021311    0.024528    0.011772
 -405.0001    0.022956    0.027980    0.012938
 -397.5001    0.023739    0.028094    0.014696
 -390.0001    0.023290    0.025030    0.017127
 -382.5001    0.021716    0.020802    0.019040
 -375.0001    0.019002    0.017405    0.018935
 -367.5001    0.015511    0.015641    0.016131
 -360.0001    0.012512    0.015110    0.011739
 -352.5001    0.011578    0.015486    0.008304
 -345.0001    0.013075    0.016262    0.007376
 -337.5001    0.015987    0.016699    0.009445
 -330.0001    0.018792    0.016662    0.013378
 -322.5001    0.020020    0.016930    0.017443
 -315.0001    0.019303    0.018218    0.020722
 -307.5001    0.017790    0.020348    0.022968
 -300.0001    0.016356    0.022698    0.024162
 -292.5001    0.015560    0.024260    0.024750
 -285.0001    0.015591    0.024426    0.025243
 -277.5001    0.015680    0.023002    0.026007
 -270.0001    0.015261    0.020844    0.026983
 -262.5001    0.014713    0.019770    0.027401
 -255.0001    0.015113    0.021043    0.026792
 -247.5001    0.016737    0.023501    0.025064
 -240.0001    0.018936    0.024798    0.022992
 -232.5001    0.020517    0.024103    0.020988
 -225.0001    0.021087    0.022599    0.019269
 -217.5001    0.020724    0.021835    0.018508
 -210.0001    0.019950    0.022436    0.018992
 -202.5001    0.019332    0.023989    0.020391
 -195.0001    0.019405    0.026000    0.021865
 -187.5001    0.020400    0.027724    0.022791
 -180.0000    0.022329    0.029067    0.023375
 -172.5000    0.024909    0.030093    0.023640
 -165.0000    0.028020    0.031351    0.024223
 -157.5000    0.031326    0.032825    0.025509
 -150.0000    0.034734    0.034566    0.027077
 -142.5000    0.038017    0.035861    0.028436
 -135.0000    0.040328    0.035403    0.029471
 -127.5000    0.040621    0.032978    0.029876
 -120.0000    0.038885    0.030143    0.030217
 -112.5000    0.035940    0.028659    0.030784
 -105.0000    0.033215    0.029250    0.031797
  -97.5000    0.032130    0.031402    0.032591
  -90.0000    0.034237    0.034638    0.032751
  -82.5000    0.040531    0.038492    0.032431
  -75.0000    0.052349    0.042817    0.032820
  -67.5000    0.072094    0.047172    0.034679
  -60.0000    0.100929    0.050890    0.038247
  -52.5000    0.134480    0.053698    0.042988
  -45.0000    0.162278    0.055137    0.047740
  -37.5000    0.173015    0.055245    0.051745
  -30.0000    0.162795    0.054414    0.054633
  -22.5000    0.137911    0.052875    0.056282
  -15.0000    0.109294    0.051706    0.056484
   -7.5000    0.085557    0.052092    0.055605
    0.0000    0.069591    0.054412    0.054087
    7.5000    0.059626    0.059246    0.052353
   15.0000    0.054289    0.068757    0.051445
   22.5000    0.052084    0.085362    0.051855
   30.0000    0.051597    0.110729    0.054498
   37.5000    0.051120    0.141586    0.060886
   45.0000    0.050309    0.168574    0.073918
   52.5000    0.049154    0.180658    0.096430
   60.0000    0.047787    0.171646    0.126782
   67.5000    0.046471    0.144242    0.156118
   75.0000    0.045390    0.109537    0.171792
   82.5000    0.044381    0.079472    0.165590
   90.0000    0.043227    0.059670    0.140604
   97.5000    0.042153    0.049125    0.107953
  105.0000    0.042212    0.044235    0.078901
  112.5000    0.043846    0.042108    0.058830
  120.0000    0.046010    0.041795    0.047654
  127.5000    0.047205    0.043304    0.042179
  135.0000    0.047089    0.045337    0.039347
  142.5000    0.046111    0.047069    0.037559
  150.0000    0.044547    0.048106    0.036093
  157.5000    0.042737    0.048382    0.035009
  165.0000    0.040938    0.047695    0.035111
  172.5000    0.039148    0.046650    0.036534
  180.0000    0.037239    0.046126    0.038159
  187.5001    0.034883    0.046184    0.038445
  195.0001    0.032332    0.045996    0.036798
  202.5001    0.029827    0.044312    0.033600
  210.0001    0.028143    0.041176    0.029879
  217.5001    0.028004    0.038196    0.027347
  225.0001    0.029719    0.036573    0.026869
  232.5001    0.033164    0.035984    0.027929
  240.0001    0.036673    0.035807    0.029201
  247.5001    0.038476    0.035483    0.029525
  255.0001    0.037932    0.034296    0.029084
  262.5001    0.035870    0.032127    0.028323
  270.0001    0.033365    0.029878    0.027191
  277.5001    0.030688    0.028080    0.025528
  285.0001    0.028003    0.026397    0.023586
  292.5001    0.025618    0.024442    0.021769
  300.0001    0.024566    0.023293    0.020208
  307.5001    0.025139    0.024150    0.018982
  315.0001    0.026082    0.026363    0.017681
  322.5001    0.025191    0.028973    0.016444
  330.0001    0.022101    0.030798    0.015231
  337.5001    0.018304    0.031152    0.014506
  345.0001    0.014825    0.029671    0.014291
  352.5001    0.011725    0.026546    0.014609
  360.0001    0.008807    0.022653    0.014972
  367.5001    0.005842    0.019010    0.014376
  375.0001    0.003812    0.016193    0.012497
  382.5001    0.003620    0.014230    0.009773
  390.0001    0.005013    0.013335    0.007170
  397.5001    0.006853    0.013769    0.005130
  405.0001    0.008196    0.014746    0.003785
  412.5001    0.008835    0.015444    0.003256
  420.0001    0.009153    0.015730    0.004075
  427.5001    0.009114    0.015508    0.005659
  435.0001    0.008340    0.014564    0.007219
  442.5001    0.007242    0.012717    0.008187
  450.0001    0.006932    0.010339    0.008457
  457.5001    0.008330    0.008318    0.008093
  465.0001    0.011004    0.007458    0.007284
  472.5001    0.013810    0.007824    0.005858
  480.0001    0.015865    0.009219    0.003866
  487.5001    0.016549    0.011666    0.002000
  495.0001    0.016119    0.014584    0.000819
  502.5001    0.015363    0.016525    0.000824
  510.0001    0.015114    0.016319    0.001905
  517.5001    0.015097    0.014427    0.003888
  525.0001    0.014684    0.012567    0.006451
  532.5001    0.014009    0.011270    0.008623
  540.0001    0.013197    0.010052    0.009488
  547.5001    0.013120    0.008402    0.008862
  555.0001    0.013901    0.006698    0.007478
  562.5002    0.014651    0.006104    0.006390
  570.0002    0.014662    0.006553    0.006074
  577.5002    0.014144    0.007427    0.006446
  585.0002    0.013295    0.008412    0.006693
  592.5002    0.012200    0.009546    0.006620
  600.0002    0.011102    0.010567    0.006236
  607.5002    0.009940    0.010829    0.005733
  615.0002    0.008915    0.010067    0.005514
  622.5002    0.008252    0.008767    0.005860
  630.0002    0.008394    0.008028    0.006588
  637.5002    0.009281    0.008911    0.007157
  645.0002    0.010358    0.011179    0.007176
  652.5002    0.011020    0.013971    0.006710
  660.0002    0.011154    0.016176    0.006095
  667.5002    0.010754    0.017658    0.006241
  675.0002    0.009755    0.018180    0.007231
  682.5002    0.008676    0.017552    0.008174
  690.0002    0.008007    0.016127    0.008100
  697.5002    0.007859    0.015045    0.007030
  705.0002    0.008560    0.014857    0.005850
  712.5002    0.010034    0.015006    0.005313
  720.0002    0.011851    0.014422    0.005511
  727.5002    0.013588    0.013207    0.006024
  735.0002    0.014921    0.012617    0.006151
  742.5002    0.015882    0.013427    0.006325
  750.0002    0.015918    0.014959    0.007274
  757.5002    0.014483    0.016301    0.008804
  765.0002    0.011855    0.017045    0.009806
  772.5002    0.009294    0.016921    0.009872
  780.0002    0.008109    0.016618    0.009583
  787.5002    0.008729    0.017088    0.009470
  795.0002    0.010820    0.019319    0.009703
  802.5002    0.013092    0.022350    0.010349
  810.0002    0.014219    0.023874    0.011377
  817.5002    0.014111    0.022405    0.012651
  825.0002    0.013315    0.018908    0.013762
  832.5002    0.012205    0.015449    0.014733
  840.0002    0.011244    0.013309    0.015612
  847.5002    0.011175    0.011769    0.016119
  855.0002    0.012561    0.010513    0.015392
  862.5002    0.014837    0.010374    0.013486
  870.0002    0.016184    0.011797    0.010737
  877.5002    0.015405    0.014626    0.007891
  885.0002    0.013171    0.017578    0.005410
  892.5002    0.011484    0.019585    0.004438
  900.0002    0.011307    0.020237    0.005300
  907.5002    0.012255    0.019450    0.007349
  915.0002    0.013304    0.017742    0.009819
  922.5002    0.013696    0.015960    0.011667
  930.0002    0.013552    0.015068    0.012302
  937.5003    0.013251    0.015792    0.011976
  945.0003    0.013652    0.017270    0.011317
  952.5003    0.015293    0.018258    0.011088
  960.0003    0.017523    0.018136    0.011576
  967.5003    0.019336    0.017415    0.012300
  975.0003    0.020407    0.016795    0.012764
  982.5003    0.021012    0.017277    0.012652
  990.0003    0.021746    0.019102    0.012416
  997.5003    0.022986    0.021712    0.012430
 1005.0003    0.024965    0.024231    0.012792
 1012.5003    0.027200    0.025818    0.013190
 1020.0003    0.028438    0.026276    0.013377
 1027.5003    0.027666    0.026272    0.013372
 1035.0003    0.024917    0.026655    0.013715
 1042.5003    0.021835    0.027794    0.014832
 1050.0003    0.020190    0.028912    0.016651
 1057.5003    0.020177    0.029482    0.018495
 1065.0003    0.020967    0.029866    0.019761
 1072.5003    0.021690    0.030342    0.020459
 1080.0003    0.021816    0.030901    0.020442
 1087.5003    0.021534    0.031874    0.019934
 1095.0003    0.020870    0.033499    0.019638
 1102.5003    0.020049    0.035443    0.020077
 1110.0003    0.019441    0.036909    0.020976
 1117.5003    0.019246    0.037173    0.022258
 1125.0003    0.019357    0.036431    0.024350
 1132.5003    0.019490    0.034918    0.026292
 1140.0003    0.019464    0.032748    0.026581
 1147.5003    0.019800    0.030077    0.024986
 1155.0003    0.021065    0.027710    0.022769
 1162.5003    0.022961    0.026773    0.021038
 1170.0003    0.024459    0.027461    0.019898
 1177.5003    0.024962    0.029547    0.019025
 1185.0003    0.024643    0.032206    0.018337
 1192.5003    0.024157    0.033896    0.018576
 1200.0003    0.024200    0.033803    0.020189
 1207.5003    0.024544    0.032725    0.022612
 1215.0003    0.024476    0.031393    0.024527
 1222.5003    0.023745    0.030186    0.025629
 1230.0003    0.022436    0.029348    0.025719
 1237.5003    0.021482    0.028737    0.024776
 1245.0003    0.021130    0.028057    0.022943
 1252.5003    0.021355    0.027364    0.021271
 1260.0003    0.022121    0.027252    0.020569
 1267.5003    0.023543    0.027618    0.020483
 1275.0003    0.025662    0.027708    0.020846
 1282.5003    0.028177    0.027724    0.021733
 1290.0003    0.030714    0.028112    0.023252
 1297.5003    0.033151    0.028547    0.024652
 1305.0004    0.034894    0.028562    0.025320
 1312.5004    0.034869    0.027955    0.025363
 1320.0004    0.032959    0.027406    0.024828
 1327.5004    0.030245    0.027725    0.024078
 1335.0004    0.028490    0.028465    0.023714
 1342.5004    0.028964    0.028986    0.024378
 1350.0004    0.030712    0.028733    0.025815
 1357.5004    0.032097    0.027969    0.027021
 1365.0004    0.032471    0.027561    0.026940
 1372.5004    0.032574    0.028359    0.025782
 1380.0004    0.033488    0.030327    0.024897
 1387.5004    0.035410    0.033090    0.025484
 1395.0004    0.037853    0.036322    0.028377
 1402.5004    0.039851    0.039105    0.032688
 1410.0004    0.040489    0.040197    0.036764
 1417.5004    0.039849    0.039335    0.038235
 1425.0004    0.038914    0.036870    0.036443
 1432.5004    0.038603    0.033874    0.032887
 1440.0004    0.038895    0.031395    0.029863
 1447.5004    0.039278    0.030025    0.028372
 1455.0004    0.039649    0.029451    0.027958
 1462.5004    0.039996    0.029079    0.027401
 1470.0004    0.040087    0.029155    0.026247
 1477.5004    0.039925    0.029229    0.025124
 1485.0004    0.039736    0.028958    0.025010
 1492.5004    0.039876    0.028192    0.026007
 1500.0004    0.040209    0.027585    0.027850
