HD041335      110.810      106.002      82.8096
-1500.0004   -0.002324   -0.010563   -0.025867
-1492.5004   -0.005290   -0.013886   -0.028702
-1485.0004   -0.008832   -0.016843   -0.030770
-1477.5004   -0.011420   -0.018983   -0.031911
-1470.0004   -0.012245   -0.020300   -0.031495
-1462.5004   -0.011757   -0.021027   -0.030129
-1455.0004   -0.010612   -0.021522   -0.028565
-1447.5004   -0.009250   -0.021463   -0.028170
-1440.0004   -0.008215   -0.020496   -0.030199
-1432.5004   -0.008131   -0.018777   -0.034245
-1425.0004   -0.008949   -0.017314   -0.038327
-1417.5004   -0.010120   -0.016781   -0.040560
-1410.0004   -0.011284   -0.017561   -0.041304
-1402.5004   -0.012599   -0.018611   -0.041182
-1395.0004   -0.014543   -0.019449   -0.039905
-1387.5004   -0.016293   -0.019540   -0.037402
-1380.0004   -0.016637   -0.018971   -0.035552
-1372.5004   -0.014935   -0.018611   -0.036323
-1365.0004   -0.012789   -0.018176   -0.038622
-1357.5004   -0.010983   -0.017209   -0.039967
-1350.0004   -0.009879   -0.016159   -0.038670
-1342.5004   -0.009267   -0.015150   -0.034778
-1335.0004   -0.009966   -0.014031   -0.030175
-1327.5004   -0.012341   -0.013205   -0.027623
-1320.0004   -0.015609   -0.013356   -0.028114
-1312.5004   -0.018505   -0.014626   -0.031386
-1305.0004   -0.019386   -0.015850   -0.034802
-1297.5003   -0.018492   -0.016582   -0.036016
-1290.0003   -0.017231   -0.016407   -0.034307
-1282.5003   -0.016610   -0.015620   -0.031742
-1275.0003   -0.016523   -0.015085   -0.031044
-1267.5003   -0.016902   -0.016008   -0.032560
-1260.0003   -0.017159   -0.018375   -0.033911
-1252.5003   -0.016202   -0.020856   -0.034054
-1245.0003   -0.014657   -0.022168   -0.033341
-1237.5003   -0.013307   -0.022280   -0.032282
-1230.0003   -0.013066   -0.022212   -0.032323
-1222.5003   -0.014637   -0.022506   -0.033857
-1215.0003   -0.018180   -0.022883   -0.035178
-1207.5003   -0.022651   -0.022534   -0.034668
-1200.0003   -0.026555   -0.021914   -0.032526
-1192.5003   -0.028842   -0.021140   -0.030586
-1185.0003   -0.028295   -0.020478   -0.029567
-1177.5003   -0.025625   -0.020259   -0.028538
-1170.0003   -0.022559   -0.020648   -0.026760
-1162.5003   -0.021201   -0.021879   -0.024603
-1155.0003   -0.022192   -0.023111   -0.022887
-1147.5003   -0.024026   -0.023465   -0.022422
-1140.0003   -0.025643   -0.022553   -0.022228
-1132.5003   -0.027120   -0.021325   -0.022039
-1125.0003   -0.028858   -0.020402   -0.021962
-1117.5003   -0.030390   -0.020001   -0.022963
-1110.0003   -0.030535   -0.020223   -0.024733
-1102.5003   -0.028998   -0.020913   -0.027322
-1095.0003   -0.026219   -0.021791   -0.030055
-1087.5003   -0.023432   -0.022781   -0.031701
-1080.0003   -0.021361   -0.023233   -0.031445
-1072.5003   -0.019884   -0.023038   -0.030031
-1065.0003   -0.018936   -0.021977   -0.028893
-1057.5003   -0.018665   -0.020485   -0.028150
-1050.0003   -0.019283   -0.019879   -0.027215
-1042.5003   -0.020568   -0.019615   -0.025933
-1035.0003   -0.022297   -0.019503   -0.024826
-1027.5003   -0.024049   -0.019367   -0.024997
-1020.0003   -0.025099   -0.019966   -0.026035
-1012.5003   -0.025580   -0.021040   -0.027547
-1005.0003   -0.026527   -0.022347   -0.028983
 -997.5003   -0.027473   -0.023453   -0.029726
 -990.0003   -0.027118   -0.023954   -0.029200
 -982.5003   -0.025195   -0.023375   -0.027287
 -975.0003   -0.022247   -0.022244   -0.025027
 -967.5003   -0.020537   -0.021565   -0.024253
 -960.0003   -0.021258   -0.021705   -0.025012
 -952.5003   -0.024005   -0.022410   -0.026670
 -945.0003   -0.026847   -0.022583   -0.028707
 -937.5003   -0.028121   -0.022809   -0.031741
 -930.0002   -0.028025   -0.023114   -0.034633
 -922.5002   -0.027443   -0.024738   -0.036313
 -915.0002   -0.026923   -0.027964   -0.035938
 -907.5002   -0.026982   -0.031618   -0.034588
 -900.0002   -0.027607   -0.034618   -0.033233
 -892.5002   -0.028574   -0.035588   -0.031695
 -885.0002   -0.029521   -0.034419   -0.029588
 -877.5002   -0.031022   -0.031769   -0.027627
 -870.0002   -0.032730   -0.029493   -0.026698
 -862.5002   -0.033558   -0.028473   -0.026907
 -855.0002   -0.033296   -0.028842   -0.027156
 -847.5002   -0.032396   -0.029415   -0.026988
 -840.0002   -0.032515   -0.029904   -0.026884
 -832.5002   -0.034297   -0.030177   -0.026786
 -825.0002   -0.036946   -0.029939   -0.026489
 -817.5002   -0.037899   -0.029827   -0.026267
 -810.0002   -0.036753   -0.030357   -0.026295
 -802.5002   -0.035282   -0.032098   -0.026612
 -795.0002   -0.035396   -0.034178   -0.026578
 -787.5002   -0.036725   -0.036238   -0.026492
 -780.0002   -0.037876   -0.037407   -0.026482
 -772.5002   -0.037692   -0.036924   -0.027093
 -765.0002   -0.036303   -0.035292   -0.028280
 -757.5002   -0.034267   -0.033668   -0.028997
 -750.0002   -0.032032   -0.032671   -0.029158
 -742.5002   -0.030416   -0.032288   -0.029123
 -735.0002   -0.029826   -0.032367   -0.029514
 -727.5002   -0.029835   -0.032962   -0.030504
 -720.0002   -0.030404   -0.034160   -0.031437
 -712.5002   -0.031589   -0.036580   -0.032248
 -705.0002   -0.032837   -0.039055   -0.033421
 -697.5002   -0.034819   -0.040659   -0.034095
 -690.0002   -0.037235   -0.040587   -0.033270
 -682.5002   -0.039341   -0.038922   -0.031006
 -675.0002   -0.040452   -0.035924   -0.029116
 -667.5002   -0.040543   -0.032087   -0.029382
 -660.0002   -0.039963   -0.029182   -0.031196
 -652.5002   -0.038232   -0.028727   -0.033547
 -645.0002   -0.034696   -0.029260   -0.035418
 -637.5002   -0.030248   -0.028629   -0.035528
 -630.0002   -0.026694   -0.026445   -0.033107
 -622.5002   -0.024444   -0.024262   -0.029378
 -615.0002   -0.023303   -0.023217   -0.026273
 -607.5002   -0.023451   -0.023130   -0.024776
 -600.0002   -0.024519   -0.022536   -0.024445
 -592.5002   -0.025410   -0.019974   -0.024016
 -585.0002   -0.025325   -0.015980   -0.023038
 -577.5002   -0.024061   -0.012138   -0.022142
 -570.0002   -0.022469   -0.010321   -0.021408
 -562.5002   -0.020733   -0.011854   -0.021361
 -555.0001   -0.019327   -0.014180   -0.020758
 -547.5001   -0.018842   -0.014868   -0.020081
 -540.0001   -0.020142   -0.013536   -0.019659
 -532.5001   -0.022772   -0.011888   -0.020384
 -525.0001   -0.024791   -0.011725   -0.022109
 -517.5001   -0.025405   -0.013092   -0.023637
 -510.0001   -0.024280   -0.014247   -0.023500
 -502.5001   -0.021440   -0.014138   -0.020062
 -495.0001   -0.018456   -0.013472   -0.014161
 -487.5001   -0.016685   -0.012675   -0.008344
 -480.0001   -0.016441   -0.011715   -0.004543
 -472.5001   -0.016241   -0.010473   -0.001936
 -465.0001   -0.015054   -0.009000   -0.000285
 -457.5001   -0.013209   -0.007308    0.000191
 -450.0001   -0.010994   -0.006212   -0.001196
 -442.5001   -0.009406   -0.005986   -0.003069
 -435.0001   -0.010070   -0.006063   -0.004574
 -427.5001   -0.012772   -0.005441   -0.005210
 -420.0001   -0.014974   -0.004288   -0.004431
 -412.5001   -0.015423   -0.003617   -0.002331
 -405.0001   -0.014841   -0.003826    0.000501
 -397.5001   -0.013867   -0.004463    0.003380
 -390.0001   -0.013315   -0.005344    0.004848
 -382.5001   -0.013128   -0.006777    0.004039
 -375.0001   -0.012938   -0.008796    0.001230
 -367.5001   -0.013003   -0.010670   -0.002662
 -360.0001   -0.012495   -0.011158   -0.005983
 -352.5001   -0.011307   -0.010176   -0.007340
 -345.0001   -0.009976   -0.008565   -0.007171
 -337.5001   -0.009224   -0.007501   -0.006431
 -330.0001   -0.008898   -0.006521   -0.005683
 -322.5001   -0.008234   -0.005732   -0.005628
 -315.0001   -0.006211   -0.005053   -0.006476
 -307.5001   -0.002688   -0.004374   -0.007682
 -300.0001    0.001565   -0.003501   -0.008459
 -292.5001    0.004593   -0.003065   -0.008095
 -285.0001    0.004717   -0.003632   -0.006455
 -277.5001    0.002235   -0.004068   -0.004149
 -270.0001   -0.000238   -0.003093   -0.001256
 -262.5001   -0.001158    0.000299    0.002578
 -255.0001   -0.000165    0.005611    0.007020
 -247.5001    0.002581    0.011888    0.010983
 -240.0001    0.006208    0.017510    0.013973
 -232.5001    0.010259    0.021225    0.016952
 -225.0001    0.014508    0.022510    0.020466
 -217.5001    0.018057    0.021464    0.024535
 -210.0001    0.020743    0.019972    0.028555
 -202.5001    0.023350    0.019697    0.031874
 -195.0001    0.025615    0.021547    0.033820
 -187.5001    0.026296    0.025013    0.035157
 -180.0000    0.025511    0.028443    0.036016
 -172.5000    0.024784    0.030755    0.036221
 -165.0000    0.025349    0.031798    0.035896
 -157.5000    0.027254    0.032646    0.035628
 -150.0000    0.031452    0.033384    0.036093
 -142.5000    0.037225    0.033478    0.038253
 -135.0000    0.043214    0.033318    0.042323
 -127.5000    0.048327    0.033599    0.048504
 -120.0000    0.052561    0.035001    0.055475
 -112.5000    0.055851    0.036885    0.062312
 -105.0000    0.058223    0.039280    0.068377
  -97.5000    0.059085    0.042864    0.073775
  -90.0000    0.058820    0.048452    0.078705
  -82.5000    0.058794    0.056189    0.083476
  -75.0000    0.059563    0.064981    0.087905
  -67.5000    0.061142    0.073147    0.090646
  -60.0000    0.062346    0.080074    0.089939
  -52.5000    0.063182    0.084130    0.086138
  -45.0000    0.064966    0.084063    0.080782
  -37.5000    0.067860    0.079590    0.076222
  -30.0000    0.071578    0.073743    0.073221
  -22.5000    0.075034    0.069572    0.070881
  -15.0000    0.077424    0.067533    0.068803
   -7.5000    0.078464    0.066078    0.066964
    0.0000    0.078902    0.064057    0.065799
    7.5000    0.078840    0.061415    0.065879
   15.0000    0.078176    0.058498    0.067767
   22.5000    0.077158    0.055270    0.070881
   30.0000    0.076211    0.052664    0.075226
   37.5000    0.075609    0.051410    0.079493
   45.0000    0.074533    0.052082    0.083603
   52.5000    0.072758    0.054701    0.087054
   60.0000    0.070253    0.059936    0.090318
   67.5000    0.068374    0.067556    0.093822
   75.0000    0.068184    0.075955    0.097099
   82.5000    0.070901    0.083474    0.098719
   90.0000    0.076557    0.089006    0.097663
   97.5000    0.083195    0.092338    0.094026
  105.0000    0.088244    0.094045    0.089136
  112.5000    0.089271    0.093249    0.082624
  120.0000    0.085961    0.090038    0.075045
  127.5000    0.080137    0.085365    0.067861
  135.0000    0.074217    0.080453    0.063055
  142.5000    0.069964    0.076315    0.061394
  150.0000    0.067018    0.072332    0.062115
  157.5000    0.064471    0.067849    0.063109
  165.0000    0.061893    0.063216    0.062332
  172.5000    0.058678    0.059167    0.059928
  180.0000    0.055298    0.056350    0.056579
  187.5001    0.052333    0.055314    0.054005
  195.0001    0.049798    0.055640    0.052558
  202.5001    0.047218    0.056752    0.051610
  210.0001    0.044128    0.057838    0.049167
  217.5001    0.041173    0.058167    0.045952
  225.0001    0.038457    0.057418    0.043170
  232.5001    0.036748    0.055759    0.041773
  240.0001    0.035401    0.053216    0.041945
  247.5001    0.034411    0.050387    0.043681
  255.0001    0.032813    0.047178    0.045658
  262.5001    0.031049    0.043728    0.046576
  270.0001    0.029917    0.039990    0.046851
  277.5001    0.028869    0.036159    0.047377
  285.0001    0.026948    0.033051    0.048575
  292.5001    0.024332    0.030553    0.049305
  300.0001    0.021719    0.028928    0.048529
  307.5001    0.019718    0.026967    0.046399
  315.0001    0.018197    0.025041    0.043880
  322.5001    0.017075    0.024165    0.041489
  330.0001    0.015704    0.024481    0.039496
  337.5001    0.014594    0.025338    0.037852
  345.0001    0.013613    0.026414    0.036800
  352.5001    0.012485    0.027008    0.035986
  360.0001    0.010146    0.027053    0.035002
  367.5001    0.006617    0.027056    0.033926
  375.0001    0.003374    0.026747    0.032535
  382.5001    0.000719    0.025899    0.030265
  390.0001   -0.001277    0.023907    0.027449
  397.5001   -0.002545    0.020634    0.023995
  405.0001   -0.002684    0.016843    0.020450
  412.5001   -0.001857    0.013408    0.017711
  420.0001   -0.001050    0.010132    0.016264
  427.5001   -0.000412    0.006776    0.016002
  435.0001   -0.000070    0.004155    0.015737
  442.5001    0.000133    0.002929    0.014971
  450.0001   -0.000841    0.003317    0.014167
  457.5001   -0.003483    0.005046    0.013644
  465.0001   -0.006932    0.007245    0.014235
  472.5001   -0.009440    0.009127    0.015324
  480.0001   -0.011038    0.010582    0.015802
  487.5001   -0.011451    0.011855    0.014370
  495.0001   -0.010508    0.012639    0.011357
  502.5001   -0.009545    0.012276    0.008005
  510.0001   -0.009454    0.011097    0.005399
  517.5001   -0.010622    0.008773    0.003569
  525.0001   -0.012368    0.005307    0.002619
  532.5001   -0.013885    0.001121    0.002391
  540.0001   -0.014839   -0.002834    0.002038
  547.5001   -0.014510   -0.006733    0.001480
  555.0001   -0.012890   -0.010788    0.000191
  562.5002   -0.010875   -0.014587   -0.002001
  570.0002   -0.009434   -0.017191   -0.004943
  577.5002   -0.009108   -0.018625   -0.006876
  585.0002   -0.009758   -0.019428   -0.006924
  592.5002   -0.010590   -0.020532   -0.006023
  600.0002   -0.011388   -0.021871   -0.005333
  607.5002   -0.012372   -0.022568   -0.005472
  615.0002   -0.013519   -0.022701   -0.005321
  622.5002   -0.014427   -0.022403   -0.003955
  630.0002   -0.014938   -0.021468   -0.001145
  637.5002   -0.015491   -0.019526    0.001722
  645.0002   -0.015937   -0.017165    0.003391
  652.5002   -0.016051   -0.015809    0.004216
  660.0002   -0.016273   -0.015248    0.005116
  667.5002   -0.017456   -0.014273    0.006198
  675.0002   -0.019123   -0.012275    0.006672
  682.5002   -0.019690   -0.009832    0.005825
  690.0002   -0.018793   -0.007774    0.003366
  697.5002   -0.016328   -0.006557    0.000581
  705.0002   -0.013431   -0.006118   -0.000698
  712.5002   -0.011265   -0.005067   -0.000244
  720.0002   -0.010415   -0.002910    0.000361
  727.5002   -0.010524   -0.001277    0.000538
  735.0002   -0.010650   -0.002325    0.000150
  742.5002   -0.011050   -0.005852   -0.000674
  750.0002   -0.011488   -0.009915   -0.001680
  757.5002   -0.012406   -0.012378   -0.002263
  765.0002   -0.013623   -0.012857   -0.001025
  772.5002   -0.014554   -0.012060    0.002035
  780.0002   -0.014100   -0.010945    0.006033
  787.5002   -0.012759   -0.010239    0.008708
  795.0002   -0.011650   -0.010046    0.010129
  802.5002   -0.011887   -0.009795    0.010870
  810.0002   -0.013088   -0.009482    0.011126
  817.5002   -0.013667   -0.008954    0.010009
  825.0002   -0.013300   -0.008786    0.007781
  832.5002   -0.013386   -0.009433    0.004976
  840.0002   -0.013469   -0.010692    0.003192
  847.5002   -0.013089   -0.011502    0.003305
  855.0002   -0.012284   -0.011260    0.006573
  862.5002   -0.011460   -0.009663    0.011372
  870.0002   -0.010232   -0.007377    0.015427
  877.5002   -0.008244   -0.005101    0.017389
  885.0002   -0.005245   -0.004452    0.017326
  892.5002   -0.001648   -0.005635    0.016256
  900.0002    0.001065   -0.007260    0.015488
  907.5002    0.001170   -0.008467    0.015817
  915.0002   -0.000826   -0.008872    0.016505
  922.5002   -0.003014   -0.008610    0.017476
  930.0002   -0.004256   -0.007033    0.018887
  937.5003   -0.004737   -0.004100    0.020672
  945.0003   -0.004863   -0.001241    0.022525
  952.5003   -0.005145    0.000627    0.024305
  960.0003   -0.005253    0.001508    0.025595
  967.5003   -0.004685    0.001945    0.025473
  975.0003   -0.003434    0.002233    0.023698
  982.5003   -0.001807    0.002632    0.021263
  990.0003    0.000168    0.003469    0.019205
  997.5003    0.002401    0.004354    0.017225
 1005.0003    0.004236    0.004788    0.015535
 1012.5003    0.005333    0.004684    0.014828
 1020.0003    0.005947    0.004330    0.015852
 1027.5003    0.006425    0.004290    0.018763
 1035.0003    0.006872    0.004641    0.022288
 1042.5003    0.007532    0.004472    0.025356
 1050.0003    0.009146    0.003316    0.027469
 1057.5003    0.011632    0.002007    0.028926
 1065.0003    0.014076    0.001124    0.030798
 1072.5003    0.015240    0.001238    0.033544
 1080.0003    0.014817    0.003259    0.036569
 1087.5003    0.013345    0.007478    0.039757
 1095.0003    0.011537    0.012136    0.042162
 1102.5003    0.009844    0.015110    0.043488
 1110.0003    0.008716    0.016082    0.043724
 1117.5003    0.008215    0.016616    0.042970
 1125.0003    0.008617    0.017934    0.041841
 1132.5003    0.009301    0.018961    0.041278
 1140.0003    0.010287    0.018779    0.041234
 1147.5003    0.011476    0.018107    0.040313
 1155.0003    0.012329    0.017531    0.038201
 1162.5003    0.011995    0.016939    0.036289
 1170.0003    0.010256    0.016037    0.036055
 1177.5003    0.007661    0.014819    0.037450
 1185.0003    0.005762    0.013344    0.038916
 1192.5003    0.005759    0.011641    0.040086
 1200.0003    0.006693    0.009988    0.040675
 1207.5003    0.007363    0.009061    0.040047
 1215.0003    0.007719    0.009350    0.038713
 1222.5003    0.007375    0.010628    0.037721
 1230.0003    0.006268    0.012526    0.037713
 1237.5003    0.005054    0.014244    0.037757
 1245.0003    0.004430    0.014926    0.036570
 1252.5003    0.004175    0.013761    0.033890
 1260.0003    0.003898    0.010867    0.030926
 1267.5003    0.003558    0.008101    0.028708
 1275.0003    0.002873    0.007310    0.027277
 1282.5003    0.002317    0.009123    0.025598
 1290.0003    0.002666    0.011721    0.024007
 1297.5003    0.003778    0.013583    0.023215
 1305.0004    0.005045    0.014789    0.022005
 1312.5004    0.005421    0.015718    0.019880
 1320.0004    0.005356    0.017131    0.019090
 1327.5004    0.005527    0.018347    0.020674
 1335.0004    0.005687    0.018980    0.024309
 1342.5004    0.006498    0.019229    0.027755
 1350.0004    0.008466    0.019638    0.029757
 1357.5004    0.010639    0.021105    0.031198
 1365.0004    0.012322    0.023234    0.033183
 1372.5004    0.012741    0.025004    0.035697
 1380.0004    0.012784    0.025806    0.038100
 1387.5004    0.012671    0.025494    0.040272
 1395.0004    0.011568    0.024326    0.042530
 1402.5004    0.010285    0.022550    0.044412
 1410.0004    0.009906    0.020969    0.045608
 1417.5004    0.010211    0.019811    0.044264
 1425.0004    0.011374    0.018520    0.040548
 1432.5004    0.012566    0.017213    0.035709
 1440.0004    0.012498    0.015621    0.031397
 1447.5004    0.010393    0.013655    0.027951
 1455.0004    0.007996    0.011680    0.025940
 1462.5004    0.007078    0.010665    0.025287
 1470.0004    0.007591    0.010877    0.025800
 1477.5004    0.008740    0.011655    0.027516
 1485.0004    0.010493    0.013549    0.029615
 1492.5004    0.012277    0.015955    0.031127
 1500.0004    0.013072    0.018393    0.033041
