HD055606     -1.19545      16.4280      68.9116
-1500.0004   -0.023882   -0.024762   -0.024594
-1492.5004   -0.025008   -0.024258   -0.025209
-1485.0004   -0.025933   -0.024234   -0.025065
-1477.5004   -0.026168   -0.024931   -0.024981
-1470.0004   -0.025980   -0.025917   -0.025221
-1462.5004   -0.025915   -0.026919   -0.025393
-1455.0004   -0.026238   -0.027991   -0.025088
-1447.5004   -0.026717   -0.028853   -0.024116
-1440.0004   -0.026996   -0.029154   -0.022499
-1432.5004   -0.027403   -0.028960   -0.020727
-1425.0004   -0.028075   -0.028527   -0.019257
-1417.5004   -0.028536   -0.027984   -0.018350
-1410.0004   -0.028390   -0.027253   -0.017787
-1402.5004   -0.027880   -0.026469   -0.017232
-1395.0004   -0.027437   -0.025581   -0.016663
-1387.5004   -0.027121   -0.024515   -0.016435
-1380.0004   -0.026231   -0.023382   -0.016575
-1372.5004   -0.024173   -0.021933   -0.016410
-1365.0004   -0.021269   -0.019558   -0.015272
-1357.5004   -0.018554   -0.016042   -0.013235
-1350.0004   -0.017077   -0.012355   -0.010592
-1342.5004   -0.016853   -0.009855   -0.007960
-1335.0004   -0.017212   -0.008853   -0.006239
-1327.5004   -0.017639   -0.008697   -0.005859
-1320.0004   -0.017859   -0.008989   -0.006319
-1312.5004   -0.017947   -0.009846   -0.006778
-1305.0004   -0.017969   -0.011462   -0.006956
-1297.5003   -0.017990   -0.013689   -0.006957
-1290.0003   -0.018245   -0.015915   -0.006623
-1282.5003   -0.018479   -0.017600   -0.006053
-1275.0003   -0.018508   -0.018761   -0.005733
-1267.5003   -0.018512   -0.019998   -0.006115
-1260.0003   -0.018639   -0.021083   -0.007069
-1252.5003   -0.018946   -0.021281   -0.007891
-1245.0003   -0.019186   -0.020113   -0.007880
-1237.5003   -0.019164   -0.018259   -0.007075
-1230.0003   -0.018726   -0.016798   -0.005797
-1222.5003   -0.017754   -0.015990   -0.004321
-1215.0003   -0.016841   -0.015897   -0.003180
-1207.5003   -0.016625   -0.016432   -0.002987
-1200.0003   -0.016726   -0.017077   -0.004067
-1192.5003   -0.016101   -0.017143   -0.005566
-1185.0003   -0.014388   -0.016263   -0.006471
-1177.5003   -0.012139   -0.014923   -0.006274
-1170.0003   -0.010330   -0.013783   -0.005377
-1162.5003   -0.009288   -0.013060   -0.004202
-1155.0003   -0.008993   -0.012685   -0.002712
-1147.5003   -0.009451   -0.012704   -0.001219
-1140.0003   -0.010611   -0.012744    0.000094
-1132.5003   -0.011765   -0.011804    0.001218
-1125.0003   -0.012180   -0.009422    0.002153
-1117.5003   -0.011923   -0.006515    0.002940
-1110.0003   -0.011423   -0.004581    0.003580
-1102.5003   -0.010915   -0.003998    0.004349
-1095.0003   -0.010159   -0.004303    0.005141
-1087.5003   -0.008832   -0.004158    0.005293
-1080.0003   -0.007195   -0.002728    0.004531
-1072.5003   -0.006171   -0.000464    0.003471
-1065.0003   -0.006475    0.001446    0.002932
-1057.5003   -0.008161    0.002342    0.003076
-1050.0003   -0.010575    0.002146    0.003050
-1042.5003   -0.013105    0.001083    0.002292
-1035.0003   -0.014931   -0.000736    0.001437
-1027.5003   -0.015080   -0.003338    0.001200
-1020.0003   -0.013558   -0.006509    0.001758
-1012.5003   -0.011129   -0.009207    0.002583
-1005.0003   -0.008856   -0.011027    0.003167
 -997.5003   -0.007572   -0.011768    0.003454
 -990.0003   -0.007762   -0.011634    0.003676
 -982.5003   -0.008912   -0.010583    0.004073
 -975.0003   -0.010222   -0.009303    0.004349
 -967.5003   -0.011155   -0.009110    0.004089
 -960.0003   -0.011951   -0.010624    0.003061
 -952.5003   -0.013018   -0.013151    0.001679
 -945.0003   -0.014661   -0.015543    0.000814
 -937.5003   -0.016565   -0.017117    0.001059
 -930.0002   -0.017842   -0.017849    0.002619
 -922.5002   -0.018092   -0.017596    0.004634
 -915.0002   -0.017744   -0.016431    0.005990
 -907.5002   -0.017401   -0.014974    0.005743
 -900.0002   -0.017254   -0.014000    0.003870
 -892.5002   -0.017334   -0.014094    0.000537
 -885.0002   -0.017707   -0.014914   -0.003841
 -877.5002   -0.018322   -0.016146   -0.008370
 -870.0002   -0.019012   -0.017601   -0.012132
 -862.5002   -0.019797   -0.019124   -0.014788
 -855.0002   -0.020737   -0.020476   -0.016603
 -847.5002   -0.021879   -0.021531   -0.017540
 -840.0002   -0.023203   -0.022493   -0.017184
 -832.5002   -0.024589   -0.023324   -0.015458
 -825.0002   -0.025596   -0.023928   -0.013198
 -817.5002   -0.025834   -0.024428   -0.011565
 -810.0002   -0.025128   -0.025276   -0.011150
 -802.5002   -0.023519   -0.026231   -0.011840
 -795.0002   -0.021306   -0.026595   -0.012903
 -787.5002   -0.019153   -0.026247   -0.013473
 -780.0002   -0.017568   -0.025752   -0.013619
 -772.5002   -0.016904   -0.025993   -0.014164
 -765.0002   -0.017283   -0.026861   -0.015550
 -757.5002   -0.018300   -0.027633   -0.017223
 -750.0002   -0.019461   -0.027769   -0.018141
 -742.5002   -0.020352   -0.027240   -0.017656
 -735.0002   -0.020944   -0.026396   -0.015929
 -727.5002   -0.021420   -0.025258   -0.013840
 -720.0002   -0.021627   -0.023588   -0.012328
 -712.5002   -0.021791   -0.021447   -0.011130
 -705.0002   -0.021925   -0.019617   -0.009419
 -697.5002   -0.021716   -0.018819   -0.007103
 -690.0002   -0.020657   -0.019413   -0.004692
 -682.5002   -0.018707   -0.020709   -0.002962
 -675.0002   -0.016650   -0.021678   -0.002348
 -667.5002   -0.015182   -0.021405   -0.002600
 -660.0002   -0.014244   -0.019910   -0.002943
 -652.5002   -0.013335   -0.017703   -0.002841
 -645.0002   -0.012364   -0.015453   -0.002400
 -637.5002   -0.011382   -0.013517   -0.002145
 -630.0002   -0.010183   -0.012015   -0.002531
 -622.5002   -0.008689   -0.010614   -0.003261
 -615.0002   -0.007096   -0.008924   -0.003508
 -607.5002   -0.005909   -0.006695   -0.002343
 -600.0002   -0.005213   -0.004368    0.000458
 -592.5002   -0.004503   -0.002164    0.004305
 -585.0002   -0.003562   -0.000340    0.008259
 -577.5002   -0.002287    0.001277    0.011842
 -570.0002   -0.000660    0.002715    0.014940
 -562.5002    0.001008    0.003847    0.017637
 -555.0001    0.002232    0.004403    0.019451
 -547.5001    0.003125    0.004887    0.019598
 -540.0001    0.004287    0.005705    0.017887
 -532.5001    0.006117    0.007072    0.015016
 -525.0001    0.008068    0.008333    0.012287
 -517.5001    0.009446    0.008835    0.010630
 -510.0001    0.010083    0.009095    0.010646
 -502.5001    0.010263    0.009505    0.012283
 -495.0001    0.010169    0.010147    0.014728
 -487.5001    0.009844    0.010742    0.017183
 -480.0001    0.009576    0.011113    0.019296
 -472.5001    0.010023    0.011394    0.021317
 -465.0001    0.011514    0.011904    0.023458
 -457.5001    0.013739    0.013529    0.025308
 -450.0001    0.015920    0.016434    0.026454
 -442.5001    0.017195    0.019357    0.026685
 -435.0001    0.017519    0.020704    0.026406
 -427.5001    0.017842    0.020300    0.026069
 -420.0001    0.019317    0.019329    0.026156
 -412.5001    0.022195    0.018925    0.026782
 -405.0001    0.025807    0.019697    0.027671
 -397.5001    0.029143    0.021640    0.028615
 -390.0001    0.031302    0.024403    0.029114
 -382.5001    0.032124    0.027022    0.028776
 -375.0001    0.032100    0.028477    0.027621
 -367.5001    0.032011    0.029015    0.026309
 -360.0001    0.032293    0.029797    0.025728
 -352.5001    0.032999    0.031014    0.026388
 -345.0001    0.033957    0.032098    0.028369
 -337.5001    0.034985    0.032394    0.031043
 -330.0001    0.036112    0.031842    0.033817
 -322.5001    0.037737    0.030812    0.036088
 -315.0001    0.039984    0.029966    0.037406
 -307.5001    0.042234    0.029833    0.037750
 -300.0001    0.043936    0.030707    0.037490
 -292.5001    0.044840    0.032606    0.036987
 -285.0001    0.045206    0.035209    0.036973
 -277.5001    0.045412    0.037831    0.038082
 -270.0001    0.045625    0.039838    0.040268
 -262.5001    0.046046    0.041401    0.043284
 -255.0001    0.046703    0.043257    0.047055
 -247.5001    0.047678    0.045489    0.051750
 -240.0001    0.048907    0.047767    0.056820
 -232.5001    0.050061    0.049793    0.061135
 -225.0001    0.050743    0.051195    0.064173
 -217.5001    0.051011    0.051724    0.065748
 -210.0001    0.051353    0.051676    0.065895
 -202.5001    0.052056    0.051622    0.064729
 -195.0001    0.052985    0.052192    0.062440
 -187.5001    0.054199    0.053547    0.059479
 -180.0000    0.055714    0.055458    0.056640
 -172.5000    0.057576    0.057570    0.054606
 -165.0000    0.059316    0.059483    0.053896
 -157.5000    0.060972    0.060684    0.054929
 -150.0000    0.063133    0.061540    0.057847
 -142.5000    0.065904    0.062712    0.062107
 -135.0000    0.069297    0.064450    0.067201
 -127.5000    0.073118    0.066500    0.072490
 -120.0000    0.077042    0.068899    0.077107
 -112.5000    0.080708    0.071996    0.080730
 -105.0000    0.084355    0.075828    0.083186
  -97.5000    0.088307    0.080161    0.084698
  -90.0000    0.092217    0.084442    0.085416
  -82.5000    0.095860    0.088199    0.085785
  -75.0000    0.099270    0.091208    0.086482
  -67.5000    0.102493    0.092789    0.087703
  -60.0000    0.105203    0.093138    0.089107
  -52.5000    0.107462    0.092985    0.090088
  -45.0000    0.110653    0.093315    0.090330
  -37.5000    0.117425    0.094853    0.090155
  -30.0000    0.130518    0.098234    0.089691
  -22.5000    0.150424    0.105058    0.088887
  -15.0000    0.173048    0.116743    0.088095
   -7.5000    0.190388    0.134262    0.088131
    0.0000    0.195097    0.155322    0.089338
    7.5000    0.185079    0.173818    0.091627
   15.0000    0.165654    0.182731    0.095679
   22.5000    0.144439    0.178571    0.102190
   30.0000    0.126706    0.163778    0.111775
   37.5000    0.114089    0.145381    0.124822
   45.0000    0.105645    0.129808    0.141637
   52.5000    0.099927    0.118953    0.160619
   60.0000    0.095914    0.111623    0.177371
   67.5000    0.093169    0.105856    0.186038
   75.0000    0.091285    0.101208    0.182456
   82.5000    0.090076    0.098253    0.168090
   90.0000    0.089593    0.097383    0.149018
   97.5000    0.089710    0.098034    0.131735
  105.0000    0.090170    0.098807    0.119354
  112.5000    0.090345    0.098670    0.112174
  120.0000    0.090122    0.097442    0.108641
  127.5000    0.089440    0.095212    0.106521
  135.0000    0.088755    0.092566    0.104174
  142.5000    0.088372    0.090374    0.101075
  150.0000    0.087996    0.088965    0.097349
  157.5000    0.086867    0.087586    0.093532
  165.0000    0.084376    0.085633    0.090145
  172.5000    0.080954    0.083022    0.087324
  180.0000    0.077352    0.080268    0.084612
  187.5001    0.073802    0.077749    0.081323
  195.0001    0.069698    0.075418    0.077159
  202.5001    0.064728    0.072535    0.072423
  210.0001    0.059635    0.068475    0.067841
  217.5001    0.055546    0.063308    0.063934
  225.0001    0.052961    0.057778    0.060944
  232.5001    0.051508    0.052617    0.058341
  240.0001    0.050547    0.048096    0.055285
  247.5001    0.049862    0.044449    0.051619
  255.0001    0.049513    0.042260    0.047994
  262.5001    0.049553    0.041875    0.045310
  270.0001    0.049677    0.042883    0.043784
  277.5001    0.049604    0.044262    0.042902
  285.0001    0.049081    0.044856    0.041788
  292.5001    0.048275    0.044234    0.040207
  300.0001    0.047587    0.043241    0.038764
  307.5001    0.047326    0.042821    0.038059
  315.0001    0.047518    0.042841    0.038033
  322.5001    0.047465    0.042874    0.038386
  330.0001    0.046754    0.042505    0.038261
  337.5001    0.045548    0.041738    0.037056
  345.0001    0.044038    0.041051    0.034857
  352.5001    0.042760    0.040723    0.032304
  360.0001    0.041679    0.040462    0.030160
  367.5001    0.040659    0.039966    0.028801
  375.0001    0.039707    0.039145    0.028457
  382.5001    0.038455    0.038077    0.028982
  390.0001    0.036705    0.036495    0.029626
  397.5001    0.034119    0.034289    0.029751
  405.0001    0.031243    0.031985    0.029405
  412.5001    0.029040    0.029930    0.029004
  420.0001    0.027938    0.028021    0.028762
  427.5001    0.027590    0.026402    0.028639
  435.0001    0.027238    0.025323    0.028552
  442.5001    0.026225    0.024796    0.028343
  450.0001    0.024000    0.024497    0.027819
  457.5001    0.020376    0.023995    0.026538
  465.0001    0.016039    0.022685    0.023713
  472.5001    0.011883    0.020157    0.019258
  480.0001    0.008756    0.016386    0.014144
  487.5001    0.006830    0.012053    0.009976
  495.0001    0.005982    0.007929    0.007834
  502.5001    0.005805    0.004208    0.007456
  510.0001    0.005975    0.001077    0.007542
  517.5001    0.005945   -0.001661    0.007433
  525.0001    0.005243   -0.004538    0.006846
  532.5001    0.003940   -0.007589    0.005404
  540.0001    0.002690   -0.010108    0.002697
  547.5001    0.001814   -0.011514   -0.000992
  555.0001    0.001069   -0.012019   -0.004534
  562.5002   -0.000049   -0.012205   -0.006806
  570.0002   -0.001679   -0.012618   -0.007624
  577.5002   -0.003344   -0.012924   -0.007070
  585.0002   -0.004361   -0.012735   -0.005342
  592.5002   -0.004410   -0.011848   -0.002936
  600.0002   -0.003858   -0.010567   -0.000250
  607.5002   -0.003155   -0.008901    0.002691
  615.0002   -0.002585   -0.006560    0.006050
  622.5002   -0.001875   -0.003149    0.009912
  630.0002   -0.000981    0.000815    0.013600
  637.5002    0.000276    0.004441    0.016057
  645.0002    0.001226    0.006967    0.016726
  652.5002    0.001354    0.008554    0.015730
  660.0002    0.000869    0.009279    0.013705
  667.5002    0.000604    0.009075    0.011178
  675.0002    0.001127    0.007700    0.008847
  682.5002    0.002058    0.005381    0.006972
  690.0002    0.002558    0.003107    0.005118
  697.5002    0.002138    0.001640    0.003383
  705.0002    0.001022    0.000914    0.002353
  712.5002   -0.000378    0.000662    0.002569
  720.0002   -0.001698    0.000486    0.003828
  727.5002   -0.002978    0.000136    0.005574
  735.0002   -0.004081   -0.000783    0.007157
  742.5002   -0.004574   -0.001971    0.008301
  750.0002   -0.004186   -0.002755    0.008853
  757.5002   -0.003109   -0.002775    0.008699
  765.0002   -0.001966   -0.002814    0.007391
  772.5002   -0.001531   -0.003224    0.004438
  780.0002   -0.002131   -0.003889    0.000337
  787.5002   -0.003562   -0.005081   -0.003784
  795.0002   -0.005521   -0.007038   -0.007112
  802.5002   -0.007608   -0.009354   -0.008840
  810.0002   -0.009272   -0.011515   -0.008174
  817.5002   -0.009950   -0.013379   -0.005663
  825.0002   -0.009787   -0.014574   -0.002602
  832.5002   -0.009261   -0.014922   -0.000165
  840.0002   -0.009011   -0.014793    0.001192
  847.5002   -0.008858   -0.014701    0.001345
  855.0002   -0.008412   -0.014972   -0.000079
  862.5002   -0.007519   -0.015165   -0.003071
  870.0002   -0.006489   -0.014889   -0.006372
  877.5002   -0.005660   -0.013858   -0.008092
  885.0002   -0.005265   -0.012592   -0.007600
  892.5002   -0.005058   -0.011598   -0.005625
  900.0002   -0.004726   -0.011118   -0.003397
  907.5002   -0.004473   -0.011209   -0.001546
  915.0002   -0.004462   -0.011599   -0.000556
  922.5002   -0.004610   -0.012061   -0.000560
  930.0002   -0.004831   -0.012272   -0.001454
  937.5003   -0.005083   -0.011820   -0.002610
  945.0003   -0.005113   -0.010495   -0.003337
  952.5003   -0.004649   -0.008884   -0.003335
  960.0003   -0.003599   -0.007543   -0.002875
  967.5003   -0.002001   -0.006544   -0.002191
  975.0003    0.000037   -0.005519   -0.001111
  982.5003    0.002043   -0.004337    0.000302
  990.0003    0.003268   -0.003332    0.001662
  997.5003    0.003536   -0.002870    0.002541
 1005.0003    0.003317   -0.003164    0.002731
 1012.5003    0.003380   -0.003949    0.002335
 1020.0003    0.004223   -0.004395    0.001736
 1027.5003    0.006111   -0.003776    0.001205
 1035.0003    0.008945   -0.001788    0.000772
 1042.5003    0.012116    0.001289    0.000504
 1050.0003    0.015051    0.004929    0.000687
 1057.5003    0.017328    0.008190    0.001411
 1065.0003    0.018826    0.010331    0.002183
 1072.5003    0.019658    0.011421    0.002663
 1080.0003    0.020269    0.012212    0.003408
 1087.5003    0.020970    0.013270    0.005235
 1095.0003    0.021630    0.014838    0.008214
 1102.5003    0.022060    0.016683    0.011846
 1110.0003    0.022163    0.018648    0.015910
 1117.5003    0.021841    0.020768    0.020213
 1125.0003    0.021112    0.023102    0.024198
 1132.5003    0.020095    0.025356    0.026965
 1140.0003    0.018967    0.026820    0.028059
 1147.5003    0.018106    0.027088    0.027680
 1155.0003    0.017718    0.026334    0.026279
 1162.5003    0.017723    0.025037    0.024301
 1170.0003    0.018132    0.023510    0.021979
 1177.5003    0.018935    0.021670    0.019295
 1185.0003    0.019896    0.019462    0.016245
 1192.5003    0.020722    0.017182    0.013168
 1200.0003    0.021544    0.015299    0.010542
 1207.5003    0.022839    0.014251    0.008584
 1215.0003    0.024460    0.014154    0.007104
 1222.5003    0.025786    0.014667    0.005822
 1230.0003    0.026314    0.015551    0.004836
 1237.5003    0.026038    0.016192    0.004489
 1245.0003    0.025390    0.016226    0.004838
 1252.5003    0.024799    0.015919    0.005478
 1260.0003    0.024558    0.016111    0.006226
 1267.5003    0.024594    0.017171    0.007486
 1275.0003    0.024934    0.018886    0.009793
 1282.5003    0.025652    0.020812    0.013000
 1290.0003    0.026518    0.022348    0.016313
 1297.5003    0.027062    0.023336    0.018863
 1305.0004    0.027073    0.024051    0.020554
 1312.5004    0.026962    0.024604    0.021288
 1320.0004    0.027354    0.025058    0.021211
 1327.5004    0.028181    0.025728    0.020886
 1335.0004    0.028789    0.026705    0.021186
 1342.5004    0.028640    0.027716    0.022167
 1350.0004    0.027737    0.028007    0.023710
 1357.5004    0.026362    0.027711    0.025334
 1365.0004    0.024982    0.027240    0.026756
 1372.5004    0.024397    0.026680    0.027349
 1380.0004    0.024747    0.026136    0.026871
 1387.5004    0.025580    0.025542    0.025449
 1395.0004    0.026357    0.024632    0.023185
 1402.5004    0.026833    0.023607    0.020260
 1410.0004    0.027033    0.022671    0.016746
 1417.5004    0.027198    0.022037    0.012880
 1425.0004    0.027948    0.021729    0.009556
 1432.5004    0.029222    0.021740    0.008149
 1440.0004    0.030363    0.022210    0.009136
 1447.5004    0.030768    0.023164    0.012099
 1455.0004    0.030081    0.024353    0.015995
 1462.5004    0.028428    0.025669    0.019856
 1470.0004    0.026092    0.027014    0.023222
 1477.5004    0.023419    0.028255    0.025921
 1485.0004    0.020895    0.029133    0.027532
 1492.5004    0.019050    0.029390    0.027604
 1500.0004    0.018152    0.028307    0.026207
