HD051354     -26.4095     -19.2389      28.3386
-1500.0004   -0.010595   -0.006909   -0.007097
-1492.5004   -0.010458   -0.007728   -0.007523
-1485.0004   -0.010045   -0.008353   -0.007583
-1477.5004   -0.009365   -0.008592   -0.007492
-1470.0004   -0.008743   -0.008938   -0.007872
-1462.5004   -0.008361   -0.009722   -0.008931
-1455.0004   -0.008071   -0.011004   -0.010496
-1447.5004   -0.007686   -0.012065   -0.012335
-1440.0004   -0.007495   -0.012573   -0.013990
-1432.5004   -0.008221   -0.012462   -0.014962
-1425.0004   -0.009467   -0.012153   -0.014504
-1417.5004   -0.010474   -0.011656   -0.012974
-1410.0004   -0.010908   -0.010754   -0.011536
-1402.5004   -0.010884   -0.009448   -0.010635
-1395.0004   -0.010616   -0.008021   -0.010337
-1387.5004   -0.009611   -0.006950   -0.010263
-1380.0004   -0.007584   -0.006173   -0.009738
-1372.5004   -0.005237   -0.005632   -0.008775
-1365.0004   -0.003305   -0.005400   -0.008301
-1357.5004   -0.002207   -0.005175   -0.008640
-1350.0004   -0.001770   -0.005075   -0.009448
-1342.5004   -0.001815   -0.005103   -0.010323
-1335.0004   -0.002215   -0.004933   -0.010827
-1327.5004   -0.002258   -0.004023   -0.010784
-1320.0004   -0.001495   -0.002477   -0.010053
-1312.5004   -0.000103   -0.000974   -0.008708
-1305.0004    0.001309    0.000133   -0.006895
-1297.5003    0.001973    0.001102   -0.004993
-1290.0003    0.001842    0.002224   -0.003280
-1282.5003    0.001258    0.003453   -0.002199
-1275.0003    0.000536    0.004507   -0.001969
-1267.5003   -0.000470    0.005188   -0.002470
-1260.0003   -0.001462    0.005543   -0.003400
-1252.5003   -0.001786    0.005746   -0.004171
-1245.0003   -0.001171    0.005852   -0.004198
-1237.5003   -0.000251    0.006114   -0.003203
-1230.0003    0.000126    0.006211   -0.001593
-1222.5003    0.000130    0.005923    0.000016
-1215.0003    0.000305    0.005167    0.001224
-1207.5003    0.000722    0.004277    0.002123
-1200.0003    0.001200    0.003684    0.002970
-1192.5003    0.001362    0.003505    0.003495
-1185.0003    0.001366    0.003731    0.003402
-1177.5003    0.001364    0.004613    0.003269
-1170.0003    0.001407    0.005768    0.003450
-1162.5003    0.001243    0.006538    0.003815
-1155.0003    0.001049    0.006949    0.004020
-1147.5003    0.001161    0.007182    0.003846
-1140.0003    0.001327    0.007323    0.003447
-1132.5003    0.001088    0.006931    0.002869
-1125.0003    0.000376    0.005637    0.002339
-1117.5003   -0.000622    0.004080    0.002322
-1110.0003   -0.001497    0.003141    0.002837
-1102.5003   -0.001999    0.002784    0.003281
-1095.0003   -0.001813    0.002833    0.003341
-1087.5003   -0.001480    0.003298    0.002945
-1080.0003   -0.001741    0.004226    0.002329
-1072.5003   -0.002883    0.005069    0.001648
-1065.0003   -0.004550    0.004819    0.001284
-1057.5003   -0.006111    0.003622    0.001247
-1050.0003   -0.007294    0.002059    0.001527
-1042.5003   -0.007630    0.000718    0.002189
-1035.0003   -0.007615   -0.000323    0.003077
-1027.5003   -0.007888   -0.001019    0.004141
-1020.0003   -0.008364   -0.001089    0.005064
-1012.5003   -0.008397   -0.000711    0.005550
-1005.0003   -0.007749   -0.000588    0.005305
 -997.5003   -0.006540   -0.001260    0.004021
 -990.0003   -0.005549   -0.002578    0.001719
 -982.5003   -0.005143   -0.004206   -0.001065
 -975.0003   -0.005505   -0.005741   -0.003882
 -967.5003   -0.006423   -0.006967   -0.006372
 -960.0003   -0.007415   -0.007975   -0.008510
 -952.5003   -0.008404   -0.008657   -0.010146
 -945.0003   -0.009330   -0.008970   -0.011082
 -937.5003   -0.010055   -0.009090   -0.011336
 -930.0002   -0.010032   -0.008964   -0.010692
 -922.5002   -0.009499   -0.008652   -0.009629
 -915.0002   -0.008963   -0.008543   -0.008687
 -907.5002   -0.008981   -0.008647   -0.008505
 -900.0002   -0.009219   -0.008453   -0.008994
 -892.5002   -0.009323   -0.007604   -0.010201
 -885.0002   -0.009306   -0.006138   -0.012117
 -877.5002   -0.009098   -0.004832   -0.014531
 -870.0002   -0.008890   -0.004697   -0.016388
 -862.5002   -0.008735   -0.006297   -0.017208
 -855.0002   -0.008461   -0.008776   -0.017227
 -847.5002   -0.008329   -0.010592   -0.016705
 -840.0002   -0.008722   -0.010793   -0.016273
 -832.5002   -0.009584   -0.009478   -0.015492
 -825.0002   -0.010424   -0.007696   -0.014424
 -817.5002   -0.010579   -0.006514   -0.013310
 -810.0002   -0.010125   -0.005918   -0.012549
 -802.5002   -0.009970   -0.005850   -0.012149
 -795.0002   -0.010680   -0.006025   -0.011846
 -787.5002   -0.011675   -0.006107   -0.011612
 -780.0002   -0.012082   -0.005926   -0.011287
 -772.5002   -0.011710   -0.005507   -0.010978
 -765.0002   -0.010774   -0.005246   -0.010409
 -757.5002   -0.009831   -0.005468   -0.009314
 -750.0002   -0.009392   -0.005892   -0.007925
 -742.5002   -0.009527   -0.006079   -0.007102
 -735.0002   -0.010200   -0.006154   -0.007110
 -727.5002   -0.011315   -0.006414   -0.007625
 -720.0002   -0.012378   -0.006637   -0.008037
 -712.5002   -0.013115   -0.006719   -0.008675
 -705.0002   -0.012989   -0.006648   -0.010159
 -697.5002   -0.012179   -0.006673   -0.012088
 -690.0002   -0.011112   -0.006807   -0.013678
 -682.5002   -0.010248   -0.006813   -0.013828
 -675.0002   -0.010058   -0.006113   -0.012295
 -667.5002   -0.010542   -0.004723   -0.009722
 -660.0002   -0.011359   -0.003363   -0.007198
 -652.5002   -0.011684   -0.002679   -0.005471
 -645.0002   -0.011356   -0.002816   -0.004475
 -637.5002   -0.010440   -0.002997   -0.003544
 -630.0002   -0.009120   -0.002901   -0.002748
 -622.5002   -0.007806   -0.002965   -0.002838
 -615.0002   -0.006959   -0.003144   -0.004267
 -607.5002   -0.006333   -0.002999   -0.005948
 -600.0002   -0.005225   -0.001884   -0.006591
 -592.5002   -0.003581    0.000145   -0.006105
 -585.0002   -0.001875    0.002962   -0.004990
 -577.5002   -0.000348    0.006111   -0.003284
 -570.0002    0.001124    0.009209   -0.000762
 -562.5002    0.002388    0.011909    0.002152
 -555.0001    0.002997    0.013921    0.004371
 -547.5001    0.003339    0.015141    0.005623
 -540.0001    0.003620    0.015739    0.006574
 -532.5001    0.003867    0.016291    0.007950
 -525.0001    0.004106    0.016934    0.009335
 -517.5001    0.004624    0.017431    0.010318
 -510.0001    0.005062    0.017121    0.010735
 -502.5001    0.004883    0.015617    0.010413
 -495.0001    0.004257    0.013528    0.008879
 -487.5001    0.003279    0.011456    0.006693
 -480.0001    0.002356    0.009915    0.004743
 -472.5001    0.001466    0.009129    0.003643
 -465.0001    0.000381    0.008491    0.003754
 -457.5001   -0.000969    0.007630    0.004660
 -450.0001   -0.002477    0.006757    0.005358
 -442.5001   -0.003941    0.006399    0.005268
 -435.0001   -0.005056    0.006787    0.004467
 -427.5001   -0.005454    0.007969    0.004341
 -420.0001   -0.004647    0.009932    0.005616
 -412.5001   -0.002620    0.012319    0.007782
 -405.0001    0.000397    0.014594    0.010022
 -397.5001    0.003711    0.016602    0.012520
 -390.0001    0.007073    0.018437    0.015570
 -382.5001    0.009793    0.020059    0.018812
 -375.0001    0.011305    0.021345    0.021326
 -367.5001    0.011739    0.022259    0.022765
 -360.0001    0.011667    0.022922    0.023745
 -352.5001    0.011530    0.023525    0.024735
 -345.0001    0.011525    0.024040    0.025613
 -337.5001    0.011582    0.024360    0.026248
 -330.0001    0.011600    0.023981    0.026845
 -322.5001    0.011850    0.022854    0.027335
 -315.0001    0.012947    0.022114    0.027598
 -307.5001    0.014683    0.022495    0.027539
 -300.0001    0.016503    0.023670    0.027184
 -292.5001    0.017618    0.024506    0.027135
 -285.0001    0.017815    0.024309    0.027936
 -277.5001    0.017195    0.023631    0.029585
 -270.0001    0.016509    0.023616    0.031274
 -262.5001    0.016095    0.024396    0.032394
 -255.0001    0.016074    0.025333    0.032739
 -247.5001    0.016360    0.026183    0.032869
 -240.0001    0.016947    0.027057    0.033052
 -232.5001    0.017389    0.028029    0.033552
 -225.0001    0.017930    0.029144    0.034681
 -217.5001    0.019321    0.030636    0.036617
 -210.0001    0.021576    0.032956    0.039025
 -202.5001    0.024385    0.036438    0.041355
 -195.0001    0.027473    0.040401    0.043293
 -187.5001    0.030969    0.044270    0.044902
 -180.0000    0.035400    0.047752    0.046597
 -172.5000    0.041109    0.051080    0.048423
 -165.0000    0.048073    0.054592    0.050256
 -157.5000    0.056062    0.058199    0.052229
 -150.0000    0.064551    0.062356    0.054449
 -142.5000    0.072586    0.067732    0.056880
 -135.0000    0.079230    0.074807    0.059328
 -127.5000    0.084635    0.082933    0.061536
 -120.0000    0.089636    0.091056    0.063827
 -112.5000    0.094825    0.098137    0.066563
 -105.0000    0.100179    0.104359    0.069720
  -97.5000    0.105408    0.110649    0.073335
  -90.0000    0.109594    0.117624    0.077258
  -82.5000    0.112199    0.124488    0.081204
  -75.0000    0.113597    0.130453    0.085097
  -67.5000    0.114451    0.135243    0.088963
  -60.0000    0.115527    0.138941    0.093110
  -52.5000    0.117072    0.141485    0.097517
  -45.0000    0.118891    0.143242    0.102689
  -37.5000    0.120668    0.144597    0.109110
  -30.0000    0.121840    0.145888    0.116284
  -22.5000    0.121953    0.146897    0.122967
  -15.0000    0.120555    0.146968    0.128247
   -7.5000    0.117893    0.145630    0.131654
    0.0000    0.114030    0.143067    0.133952
    7.5000    0.108830    0.139460    0.135806
   15.0000    0.102965    0.134992    0.137138
   22.5000    0.096951    0.129871    0.137616
   30.0000    0.091238    0.124185    0.137573
   37.5000    0.086362    0.118264    0.137472
   45.0000    0.082732    0.112498    0.137580
   52.5000    0.080004    0.106845    0.137308
   60.0000    0.077766    0.101957    0.136448
   67.5000    0.075854    0.097785    0.135272
   75.0000    0.074036    0.094011    0.133960
   82.5000    0.072091    0.090331    0.132297
   90.0000    0.070256    0.087279    0.130222
   97.5000    0.068842    0.085116    0.127684
  105.0000    0.067703    0.083383    0.124671
  112.5000    0.066744    0.081607    0.121028
  120.0000    0.066142    0.079974    0.116553
  127.5000    0.065917    0.078601    0.111269
  135.0000    0.065878    0.077814    0.105657
  142.5000    0.065418    0.077090    0.100033
  150.0000    0.064255    0.076089    0.094538
  157.5000    0.062609    0.074489    0.089222
  165.0000    0.061149    0.072990    0.084510
  172.5000    0.059581    0.071656    0.080724
  180.0000    0.057364    0.070386    0.078187
  187.5001    0.054235    0.068672    0.076349
  195.0001    0.050746    0.066319    0.074048
  202.5001    0.047456    0.063368    0.070688
  210.0001    0.044418    0.059974    0.066590
  217.5001    0.041634    0.056576    0.062824
  225.0001    0.039701    0.053455    0.060160
  232.5001    0.038873    0.050954    0.058648
  240.0001    0.038865    0.048965    0.057495
  247.5001    0.039105    0.047290    0.056276
  255.0001    0.038978    0.045775    0.054600
  262.5001    0.038202    0.043785    0.052081
  270.0001    0.036973    0.041378    0.048631
  277.5001    0.035445    0.039207    0.044715
  285.0001    0.033576    0.037806    0.041217
  292.5001    0.031499    0.037130    0.038848
  300.0001    0.029793    0.037008    0.037841
  307.5001    0.028815    0.037324    0.038192
  315.0001    0.028426    0.038272    0.039520
  322.5001    0.028329    0.039257    0.041269
  330.0001    0.028273    0.039530    0.042371
  337.5001    0.028022    0.038687    0.042429
  345.0001    0.027622    0.037086    0.041497
  352.5001    0.027107    0.035391    0.039851
  360.0001    0.026299    0.033799    0.037617
  367.5001    0.025490    0.031871    0.034944
  375.0001    0.024567    0.029729    0.032054
  382.5001    0.023046    0.027218    0.028553
  390.0001    0.020697    0.024628    0.024545
  397.5001    0.017929    0.022399    0.020220
  405.0001    0.015049    0.020312    0.016445
  412.5001    0.012444    0.017828    0.013868
  420.0001    0.010362    0.014679    0.012674
  427.5001    0.009008    0.011201    0.012125
  435.0001    0.007925    0.008091    0.011207
  442.5001    0.006821    0.005514    0.009429
  450.0001    0.005764    0.003715    0.007296
  457.5001    0.005112    0.002864    0.005745
  465.0001    0.004685    0.002949    0.005213
  472.5001    0.004090    0.003671    0.005184
  480.0001    0.003098    0.004181    0.004785
  487.5001    0.001794    0.004110    0.003868
  495.0001    0.000315    0.003654    0.002957
  502.5001   -0.001092    0.003238    0.002369
  510.0001   -0.001807    0.003063    0.002268
  517.5001   -0.001390    0.002960    0.002287
  525.0001   -0.000040    0.002665    0.002029
  532.5001    0.001553    0.002376    0.001896
  540.0001    0.002909    0.002032    0.002229
  547.5001    0.003918    0.001761    0.002871
  555.0001    0.004074    0.001210    0.003107
  562.5002    0.002987    0.000815    0.002565
  570.0002    0.001270    0.000611    0.001245
  577.5002   -0.000267    0.000186   -0.000020
  585.0002   -0.001558   -0.000822   -0.000844
  592.5002   -0.003061   -0.002575   -0.001613
  600.0002   -0.004602   -0.004179   -0.002781
  607.5002   -0.005953   -0.005227   -0.003852
  615.0002   -0.006960   -0.005789   -0.004694
  622.5002   -0.007686   -0.006500   -0.005230
  630.0002   -0.008560   -0.007506   -0.005770
  637.5002   -0.009397   -0.008314   -0.006231
  645.0002   -0.010121   -0.008648   -0.006837
  652.5002   -0.010530   -0.008681   -0.007894
  660.0002   -0.010225   -0.008745   -0.009450
  667.5002   -0.008909   -0.008920   -0.011311
  675.0002   -0.007643   -0.009682   -0.012946
  682.5002   -0.007599   -0.011240   -0.013811
  690.0002   -0.009523   -0.013209   -0.014178
  697.5002   -0.013009   -0.015311   -0.014674
  705.0002   -0.017179   -0.017068   -0.015985
  712.5002   -0.021085   -0.018063   -0.017836
  720.0002   -0.024116   -0.018424   -0.019689
  727.5002   -0.026066   -0.018772   -0.021194
  735.0002   -0.026916   -0.019535   -0.022326
  742.5002   -0.026691   -0.020691   -0.023102
  750.0002   -0.025904   -0.021473   -0.023590
  757.5002   -0.025424   -0.021184   -0.023811
  765.0002   -0.025325   -0.020499   -0.023676
  772.5002   -0.025306   -0.020472   -0.022935
  780.0002   -0.025212   -0.020840   -0.021675
  787.5002   -0.024652   -0.020953   -0.020189
  795.0002   -0.023594   -0.020368   -0.018466
  802.5002   -0.022404   -0.019474   -0.016597
  810.0002   -0.021269   -0.018643   -0.014728
  817.5002   -0.020394   -0.017696   -0.013250
  825.0002   -0.019709   -0.016699   -0.012609
  832.5002   -0.018939   -0.015550   -0.012872
  840.0002   -0.017664   -0.014726   -0.013423
  847.5002   -0.016181   -0.014368   -0.013225
  855.0002   -0.014858   -0.013916   -0.011977
  862.5002   -0.013953   -0.012870   -0.010017
  870.0002   -0.013352   -0.011016   -0.007953
  877.5002   -0.012942   -0.009010   -0.006494
  885.0002   -0.012600   -0.007523   -0.005783
  892.5002   -0.012120   -0.006816   -0.005670
  900.0002   -0.011872   -0.006458   -0.006022
  907.5002   -0.012017   -0.005625   -0.006843
  915.0002   -0.012150   -0.004096   -0.007833
  922.5002   -0.011818   -0.002736   -0.008942
  930.0002   -0.011319   -0.002208   -0.009879
  937.5003   -0.011288   -0.002495   -0.010547
  945.0003   -0.011986   -0.003538   -0.010934
  952.5003   -0.013173   -0.005153   -0.011520
  960.0003   -0.014837   -0.007006   -0.012451
  967.5003   -0.016623   -0.008552   -0.013841
  975.0003   -0.018031   -0.009464   -0.015418
  982.5003   -0.018655   -0.009904   -0.016514
  990.0003   -0.018275   -0.010342   -0.016757
  997.5003   -0.017356   -0.010843   -0.016168
 1005.0003   -0.016591   -0.011365   -0.015155
 1012.5003   -0.015939   -0.011751   -0.014043
 1020.0003   -0.014782   -0.011909   -0.012728
 1027.5003   -0.012713   -0.011527   -0.011159
 1035.0003   -0.010433   -0.010318   -0.009495
 1042.5003   -0.008890   -0.008623   -0.008043
 1050.0003   -0.008222   -0.006822   -0.007098
 1057.5003   -0.007988   -0.005167   -0.006542
 1065.0003   -0.008091   -0.003763   -0.005736
 1072.5003   -0.008634   -0.002262   -0.004500
 1080.0003   -0.009202   -0.000661   -0.003196
 1087.5003   -0.009206    0.000648   -0.002510
 1095.0003   -0.008527    0.001398   -0.002687
 1102.5003   -0.007838    0.001831   -0.003157
 1110.0003   -0.007869    0.001767   -0.003192
 1117.5003   -0.008481    0.001480   -0.002484
 1125.0003   -0.008916    0.001309   -0.001476
 1132.5003   -0.008946    0.001303   -0.000773
 1140.0003   -0.008811    0.001482   -0.000811
 1147.5003   -0.008864    0.001557   -0.001732
 1155.0003   -0.008939    0.001353   -0.002896
 1162.5003   -0.008710    0.001175   -0.003054
 1170.0003   -0.007803    0.001228   -0.001801
 1177.5003   -0.006420    0.001362    0.000359
 1185.0003   -0.005005    0.001427    0.002039
 1192.5003   -0.003886    0.001465    0.002899
 1200.0003   -0.002905    0.001622    0.003288
 1207.5003   -0.001824    0.002160    0.003826
 1215.0003   -0.000740    0.003188    0.004593
 1222.5003    0.000483    0.004500    0.005073
 1230.0003    0.001817    0.005684    0.005286
 1237.5003    0.002758    0.006598    0.005407
 1245.0003    0.003221    0.007224    0.005823
 1252.5003    0.003318    0.007566    0.006689
 1260.0003    0.003372    0.007501    0.007536
 1267.5003    0.003488    0.006930    0.007591
 1275.0003    0.003202    0.006151    0.006418
 1282.5003    0.002432    0.005557    0.004552
 1290.0003    0.001752    0.005541    0.002841
 1297.5003    0.001735    0.005958    0.001931
 1305.0004    0.002325    0.006522    0.001913
 1312.5004    0.003095    0.006762    0.002567
 1320.0004    0.003399    0.006489    0.003662
 1327.5004    0.003286    0.005926    0.005263
 1335.0004    0.003216    0.005523    0.006986
 1342.5004    0.003169    0.005667    0.008523
 1350.0004    0.002949    0.006261    0.009354
 1357.5004    0.002545    0.006672    0.009118
 1365.0004    0.002164    0.006487    0.008220
 1372.5004    0.001990    0.005838    0.007367
 1380.0004    0.002220    0.005123    0.007050
 1387.5004    0.002959    0.004695    0.007494
 1395.0004    0.004424    0.004897    0.008801
 1402.5004    0.006642    0.006101    0.010658
 1410.0004    0.009460    0.008127    0.012666
 1417.5004    0.012101    0.010237    0.014171
 1425.0004    0.013703    0.011434    0.014561
 1432.5004    0.013933    0.011629    0.013800
 1440.0004    0.013518    0.011202    0.012520
 1447.5004    0.013163    0.010892    0.011734
 1455.0004    0.012797    0.011038    0.011358
 1462.5004    0.012142    0.011601    0.010632
 1470.0004    0.011169    0.011965    0.009580
 1477.5004    0.009959    0.011765    0.008624
 1485.0004    0.008994    0.010907    0.008297
 1492.5004    0.008129    0.009968    0.008417
 1500.0004    0.007320    0.009129    0.008916
