HD060855      32.0677      35.6899      51.9958
HD060855      2.33426      2.35875      2.24342
-1500.0004   -0.025364   -0.025934   -0.021870
-1492.5004   -0.026743   -0.027810   -0.021618
-1485.0004   -0.027925   -0.028925   -0.022361
-1477.5004   -0.028403   -0.029023   -0.023614
-1470.0004   -0.028528   -0.028476   -0.024596
-1462.5004   -0.028981   -0.028108   -0.025171
-1455.0004   -0.029897   -0.028668   -0.026022
-1447.5004   -0.031028   -0.030186   -0.027678
-1440.0004   -0.032102   -0.032266   -0.029705
-1432.5004   -0.033059   -0.034422   -0.031408
-1425.0004   -0.034269   -0.036069   -0.032781
-1417.5004   -0.035589   -0.036981   -0.034299
-1410.0004   -0.036129   -0.037232   -0.036074
-1402.5004   -0.035245   -0.037084   -0.037497
-1395.0004   -0.033281   -0.036499   -0.037507
-1387.5004   -0.030912   -0.035308   -0.035893
-1380.0004   -0.028791   -0.033391   -0.033374
-1372.5004   -0.027358   -0.030904   -0.030649
-1365.0004   -0.027104   -0.028783   -0.028711
-1357.5004   -0.028134   -0.028194   -0.027987
-1350.0004   -0.029785   -0.029515   -0.028743
-1342.5004   -0.031330   -0.031802   -0.030598
-1335.0004   -0.032576   -0.033866   -0.032335
-1327.5004   -0.033526   -0.034879   -0.032992
-1320.0004   -0.033791   -0.034763   -0.031956
-1312.5004   -0.033323   -0.034026   -0.029917
-1305.0004   -0.032485   -0.033485   -0.028043
-1297.5003   -0.031749   -0.033273   -0.027063
-1290.0003   -0.031332   -0.033139   -0.026984
-1282.5003   -0.031342   -0.032655   -0.027491
-1275.0003   -0.031771   -0.031633   -0.028333
-1267.5003   -0.032106   -0.029969   -0.029115
-1260.0003   -0.031878   -0.028273   -0.029189
-1252.5003   -0.031021   -0.027186   -0.028330
-1245.0003   -0.029714   -0.026800   -0.026810
-1237.5003   -0.028522   -0.027139   -0.025367
-1230.0003   -0.027872   -0.028104   -0.024457
-1222.5003   -0.027860   -0.029104   -0.024138
-1215.0003   -0.028499   -0.029420   -0.024197
-1207.5003   -0.029145   -0.028854   -0.024345
-1200.0003   -0.029470   -0.027906   -0.024532
-1192.5003   -0.029714   -0.027497   -0.025233
-1185.0003   -0.030117   -0.028090   -0.026869
-1177.5003   -0.030212   -0.029071   -0.028775
-1170.0003   -0.029586   -0.029459   -0.030004
-1162.5003   -0.028107   -0.028644   -0.030335
-1155.0003   -0.025916   -0.026851   -0.030136
-1147.5003   -0.023477   -0.025062   -0.029355
-1140.0003   -0.021421   -0.024016   -0.027429
-1132.5003   -0.020022   -0.023573   -0.024370
-1125.0003   -0.019499   -0.023130   -0.020718
-1117.5003   -0.019591   -0.022172   -0.017497
-1110.0003   -0.019549   -0.020922   -0.015580
-1102.5003   -0.018840   -0.019486   -0.015044
-1095.0003   -0.017729   -0.018070   -0.015203
-1087.5003   -0.016671   -0.016976   -0.015243
-1080.0003   -0.016285   -0.016452   -0.015073
-1072.5003   -0.016423   -0.016394   -0.014902
-1065.0003   -0.016571   -0.016323   -0.014984
-1057.5003   -0.016613   -0.015653   -0.015133
-1050.0003   -0.016418   -0.014325   -0.014554
-1042.5003   -0.015873   -0.013095   -0.012787
-1035.0003   -0.015083   -0.012403   -0.010298
-1027.5003   -0.014002   -0.012270   -0.008031
-1020.0003   -0.012743   -0.012355   -0.006793
-1012.5003   -0.011771   -0.012315   -0.006768
-1005.0003   -0.011452   -0.012234   -0.007672
 -997.5003   -0.011626   -0.012331   -0.009143
 -990.0003   -0.011587   -0.012709   -0.010560
 -982.5003   -0.011090   -0.013171   -0.011555
 -975.0003   -0.010237   -0.013534   -0.012648
 -967.5003   -0.009185   -0.013915   -0.014612
 -960.0003   -0.008050   -0.014607   -0.016946
 -952.5003   -0.007373   -0.015613   -0.018509
 -945.0003   -0.007653   -0.016420   -0.018568
 -937.5003   -0.008936   -0.016668   -0.017613
 -930.0002   -0.010893   -0.016241   -0.016225
 -922.5002   -0.012776   -0.015300   -0.015333
 -915.0002   -0.013850   -0.014532   -0.015023
 -907.5002   -0.013914   -0.014135   -0.014693
 -900.0002   -0.013150   -0.014015   -0.014273
 -892.5002   -0.011856   -0.013976   -0.013912
 -885.0002   -0.010764   -0.014097   -0.013384
 -877.5002   -0.010586   -0.014310   -0.012685
 -870.0002   -0.011433   -0.014427   -0.011591
 -862.5002   -0.012603   -0.014446   -0.010328
 -855.0002   -0.013000   -0.014091   -0.009166
 -847.5002   -0.012415   -0.013281   -0.008405
 -840.0002   -0.011111   -0.011943   -0.008161
 -832.5002   -0.009254   -0.010371   -0.008139
 -825.0002   -0.007297   -0.008818   -0.008056
 -817.5002   -0.006179   -0.007424   -0.008010
 -810.0002   -0.006240   -0.006508   -0.008537
 -802.5002   -0.006887   -0.006321   -0.009339
 -795.0002   -0.007000   -0.006749   -0.009642
 -787.5002   -0.005808   -0.007027   -0.009516
 -780.0002   -0.003800   -0.006298   -0.009037
 -772.5002   -0.001943   -0.004550   -0.007979
 -765.0002   -0.001092   -0.002686   -0.006166
 -757.5002   -0.001320   -0.001611   -0.004192
 -750.0002   -0.001791   -0.001178   -0.003299
 -742.5002   -0.001784   -0.001116   -0.003690
 -735.0002   -0.001614   -0.001480   -0.004277
 -727.5002   -0.001896   -0.002528   -0.003866
 -720.0002   -0.002658   -0.003712   -0.002403
 -712.5002   -0.003418   -0.004362   -0.000526
 -705.0002   -0.003653   -0.004502    0.000825
 -697.5002   -0.003053   -0.004351    0.001467
 -690.0002   -0.001544   -0.003826    0.001813
 -682.5002    0.000677   -0.002520    0.001852
 -675.0002    0.002918   -0.000443    0.001447
 -667.5002    0.004677    0.001634    0.001006
 -660.0002    0.005778    0.003047    0.001189
 -652.5002    0.006265    0.003689    0.002731
 -645.0002    0.006679    0.003912    0.005307
 -637.5002    0.007672    0.004297    0.007617
 -630.0002    0.009221    0.005351    0.008756
 -622.5002    0.010542    0.006913    0.009019
 -615.0002    0.011234    0.008628    0.009520
 -607.5002    0.011520    0.010321    0.010646
 -600.0002    0.011774    0.012314    0.011971
 -592.5002    0.012295    0.014460    0.013146
 -585.0002    0.013043    0.016544    0.014068
 -577.5002    0.013487    0.017977    0.014990
 -570.0002    0.013456    0.018578    0.016003
 -562.5002    0.013628    0.018853    0.016814
 -555.0001    0.014450    0.019231    0.016563
 -547.5001    0.016103    0.019750    0.015182
 -540.0001    0.018195    0.019788    0.013734
 -532.5001    0.019829    0.019342    0.013349
 -525.0001    0.020430    0.018850    0.014050
 -517.5001    0.020142    0.018360    0.014817
 -510.0001    0.019626    0.017820    0.014852
 -502.5001    0.019512    0.017641    0.014362
 -495.0001    0.019894    0.018165    0.013995
 -487.5001    0.020089    0.018750    0.014277
 -480.0001    0.019225    0.018287    0.014865
 -472.5001    0.017622    0.016837    0.014925
 -465.0001    0.016579    0.015430    0.014153
 -457.5001    0.016584    0.014687    0.013129
 -450.0001    0.017293    0.014443    0.012697
 -442.5001    0.018096    0.014596    0.012858
 -435.0001    0.018702    0.015032    0.013047
 -427.5001    0.018957    0.015300    0.013507
 -420.0001    0.018773    0.014934    0.014531
 -412.5001    0.018069    0.014277    0.015826
 -405.0001    0.017042    0.013705    0.016425
 -397.5001    0.016236    0.013034    0.015525
 -390.0001    0.016295    0.012285    0.013349
 -382.5001    0.016868    0.011462    0.010459
 -375.0001    0.016993    0.010365    0.007400
 -367.5001    0.016389    0.009016    0.004734
 -360.0001    0.014941    0.007382    0.002920
 -352.5001    0.012700    0.005620    0.002331
 -345.0001    0.010623    0.003847    0.002761
 -337.5001    0.009363    0.002834    0.003608
 -330.0001    0.009162    0.003091    0.004774
 -322.5001    0.009776    0.004446    0.006067
 -315.0001    0.011003    0.006386    0.007080
 -307.5001    0.012563    0.008120    0.007611
 -300.0001    0.014054    0.009020    0.007492
 -292.5001    0.015037    0.009226    0.006903
 -285.0001    0.015769    0.009262    0.006088
 -277.5001    0.016271    0.009417    0.005393
 -270.0001    0.015867    0.009310    0.004857
 -262.5001    0.014566    0.008950    0.004541
 -255.0001    0.013179    0.008791    0.004717
 -247.5001    0.012317    0.008651    0.005244
 -240.0001    0.011826    0.008397    0.006025
 -232.5001    0.011261    0.008100    0.006695
 -225.0001    0.010563    0.007681    0.006980
 -217.5001    0.010032    0.007497    0.006713
 -210.0001    0.009914    0.008040    0.006291
 -202.5001    0.010042    0.009005    0.006109
 -195.0001    0.010114    0.009506    0.006482
 -187.5001    0.009866    0.009101    0.007527
 -180.0000    0.009480    0.008723    0.009111
 -172.5000    0.009494    0.009138    0.011168
 -165.0000    0.010110    0.010635    0.013464
 -157.5000    0.011230    0.012807    0.015420
 -150.0000    0.012658    0.014976    0.016823
 -142.5000    0.014511    0.016678    0.017878
 -135.0000    0.016758    0.017688    0.018764
 -127.5000    0.019190    0.018290    0.019828
 -120.0000    0.021185    0.018888    0.021020
 -112.5000    0.022786    0.019755    0.021943
 -105.0000    0.024549    0.021026    0.022397
  -97.5000    0.026720    0.023111    0.022737
  -90.0000    0.029273    0.026192    0.023501
  -82.5000    0.031648    0.029734    0.025004
  -75.0000    0.033478    0.032970    0.027224
  -67.5000    0.034597    0.034958    0.029779
  -60.0000    0.035208    0.035510    0.032553
  -52.5000    0.035472    0.035026    0.035161
  -45.0000    0.035623    0.034490    0.037181
  -37.5000    0.036303    0.034594    0.038227
  -30.0000    0.037865    0.035423    0.038464
  -22.5000    0.040229    0.036807    0.038541
  -15.0000    0.043172    0.038702    0.039039
   -7.5000    0.046772    0.041427    0.040023
    0.0000    0.051708    0.045759    0.041541
    7.5000    0.059870    0.052870    0.043298
   15.0000    0.073479    0.065481    0.046353
   22.5000    0.089657    0.081952    0.051948
   30.0000    0.100005    0.095615    0.062505
   37.5000    0.097560    0.098573    0.078375
   45.0000    0.083827    0.088985    0.093770
   52.5000    0.067154    0.072820    0.100024
   60.0000    0.054748    0.058734    0.092404
   67.5000    0.048114    0.050523    0.075266
   75.0000    0.044718    0.046755    0.058243
   82.5000    0.042494    0.044582    0.047323
   90.0000    0.040820    0.042483    0.042112
   97.5000    0.039932    0.040822    0.039670
  105.0000    0.039934    0.040101    0.038471
  112.5000    0.040052    0.039744    0.037824
  120.0000    0.039708    0.039426    0.037729
  127.5000    0.038746    0.039075    0.037814
  135.0000    0.037183    0.038591    0.037414
  142.5000    0.035586    0.037904    0.036672
  150.0000    0.034468    0.037016    0.035845
  157.5000    0.033717    0.035858    0.034973
  165.0000    0.033002    0.034407    0.033706
  172.5000    0.032280    0.032662    0.031920
  180.0000    0.031716    0.031141    0.029643
  187.5001    0.031426    0.030496    0.027183
  195.0001    0.030974    0.030636    0.024880
  202.5001    0.029915    0.030815    0.023073
  210.0001    0.028389    0.030354    0.022199
  217.5001    0.026884    0.029427    0.022229
  225.0001    0.026021    0.028735    0.023062
  232.5001    0.025584    0.028352    0.024084
  240.0001    0.025323    0.028137    0.024343
  247.5001    0.024876    0.027754    0.023320
  255.0001    0.024285    0.027025    0.021603
  262.5001    0.023377    0.026037    0.020054
  270.0001    0.021939    0.024907    0.019094
  277.5001    0.019954    0.023447    0.018520
  285.0001    0.017736    0.021862    0.017978
  292.5001    0.016202    0.020720    0.017415
  300.0001    0.015559    0.020355    0.016723
  307.5001    0.015964    0.020752    0.015615
  315.0001    0.016818    0.021739    0.014386
  322.5001    0.017459    0.022411    0.013085
  330.0001    0.017559    0.022210    0.012057
  337.5001    0.017121    0.021265    0.011314
  345.0001    0.016464    0.020094    0.010481
  352.5001    0.015735    0.018922    0.009284
  360.0001    0.014554    0.017424    0.008001
  367.5001    0.012887    0.015374    0.006945
  375.0001    0.011138    0.013079    0.006077
  382.5001    0.009626    0.011146    0.005297
  390.0001    0.008542    0.009668    0.004409
  397.5001    0.007551    0.008551    0.003475
  405.0001    0.006519    0.007773    0.002862
  412.5001    0.005216    0.007272    0.002661
  420.0001    0.003818    0.006957    0.002957
  427.5001    0.002713    0.006582    0.003574
  435.0001    0.002111    0.005953    0.004257
  442.5001    0.001737    0.005030    0.004611
  450.0001    0.001353    0.004123    0.004518
  457.5001    0.000969    0.003855    0.003939
  465.0001    0.000804    0.004686    0.002987
  472.5001    0.001206    0.006257    0.002193
  480.0001    0.002093    0.007997    0.002560
  487.5001    0.002989    0.009367    0.004301
  495.0001    0.003169    0.010076    0.006252
  502.5001    0.002513    0.010321    0.007143
  510.0001    0.001681    0.010307    0.006488
  517.5001    0.001505    0.010108    0.004623
  525.0001    0.002038    0.009673    0.002719
  532.5001    0.002824    0.009093    0.001704
  540.0001    0.003407    0.008516    0.001591
  547.5001    0.003708    0.008060    0.002023
  555.0001    0.003875    0.007770    0.002740
  562.5002    0.003740    0.007717    0.003695
  570.0002    0.003589    0.008085    0.004695
  577.5002    0.003829    0.009068    0.005152
  585.0002    0.004275    0.010543    0.004627
  592.5002    0.004084    0.011960    0.004009
  600.0002    0.003070    0.012402    0.004143
  607.5002    0.001962    0.011673    0.005029
  615.0002    0.001529    0.010511    0.005942
  622.5002    0.002053    0.009979    0.006511
  630.0002    0.003829    0.010707    0.007099
  637.5002    0.006764    0.012476    0.008452
  645.0002    0.010024    0.014162    0.010821
  652.5002    0.012687    0.015011    0.013626
  660.0002    0.014336    0.015218    0.016089
  667.5002    0.015250    0.015578    0.017460
  675.0002    0.015765    0.016536    0.018133
  682.5002    0.016191    0.017786    0.018831
  690.0002    0.016558    0.018980    0.019956
  697.5002    0.017025    0.019751    0.021142
  705.0002    0.017478    0.020165    0.021796
  712.5002    0.018302    0.020449    0.021878
  720.0002    0.019537    0.020453    0.022032
  727.5002    0.020493    0.019985    0.022415
  735.0002    0.020535    0.019229    0.022376
  742.5002    0.019905    0.018765    0.021815
  750.0002    0.019307    0.018981    0.021176
  757.5002    0.018967    0.019898    0.021039
  765.0002    0.018931    0.021109    0.021271
  772.5002    0.019446    0.022655    0.021556
  780.0002    0.020659    0.024849    0.021928
  787.5002    0.022368    0.027558    0.022410
  795.0002    0.023901    0.029919    0.023024
  802.5002    0.024429    0.031043    0.023586
  810.0002    0.023997    0.030290    0.024013
  817.5002    0.023330    0.028092    0.024402
  825.0002    0.023133    0.025291    0.024536
  832.5002    0.023407    0.022708    0.024134
  840.0002    0.023666    0.020996    0.022987
  847.5002    0.023877    0.020576    0.021336
  855.0002    0.024426    0.021494    0.019933
  862.5002    0.025487    0.023314    0.019540
  870.0002    0.026716    0.025632    0.020443
  877.5002    0.027032    0.027528    0.021961
  885.0002    0.026186    0.028309    0.023433
  892.5002    0.024804    0.027899    0.024770
  900.0002    0.024026    0.026868    0.025769
  907.5002    0.024270    0.026472    0.026165
  915.0002    0.025180    0.027445    0.026359
  922.5002    0.026337    0.029168    0.026611
  930.0002    0.026659    0.030299    0.026709
  937.5003    0.026013    0.030010    0.026415
  945.0003    0.024940    0.028812    0.026223
  952.5003    0.024557    0.027626    0.026626
  960.0003    0.025198    0.027178    0.027209
  967.5003    0.026554    0.027940    0.027314
  975.0003    0.027594    0.029444    0.026898
  982.5003    0.028080    0.030645    0.026569
  990.0003    0.028108    0.030640    0.026693
  997.5003    0.027617    0.029575    0.027259
 1005.0003    0.026693    0.028278    0.028086
 1012.5003    0.025771    0.027256    0.029139
 1020.0003    0.025121    0.027013    0.030294
 1027.5003    0.024733    0.027618    0.031418
 1035.0003    0.024508    0.028633    0.032288
 1042.5003    0.024363    0.029872    0.032821
 1050.0003    0.024373    0.031315    0.033356
 1057.5003    0.024949    0.032778    0.034135
 1065.0003    0.026566    0.033869    0.035109
 1072.5003    0.029517    0.034493    0.036038
 1080.0003    0.033148    0.034835    0.036632
 1087.5003    0.035932    0.035279    0.036771
 1095.0003    0.036949    0.035669    0.036678
 1102.5003    0.036505    0.035765    0.036961
 1110.0003    0.035581    0.035804    0.037960
 1117.5003    0.035248    0.036123    0.039094
 1125.0003    0.035901    0.037091    0.039620
 1132.5003    0.037390    0.038667    0.039640
 1140.0003    0.039357    0.040364    0.039680
 1147.5003    0.041794    0.041883    0.039997
 1155.0003    0.044055    0.042947    0.040069
 1162.5003    0.045196    0.043329    0.040036
 1170.0003    0.044772    0.043068    0.040276
 1177.5003    0.043148    0.042484    0.040627
 1185.0003    0.041042    0.041707    0.040856
 1192.5003    0.038925    0.040751    0.040887
 1200.0003    0.037437    0.039898    0.040661
 1207.5003    0.037107    0.039383    0.039825
 1215.0003    0.037925    0.039295    0.038276
 1222.5003    0.039134    0.039722    0.036533
 1230.0003    0.040057    0.040666    0.035421
 1237.5003    0.040456    0.041688    0.035481
 1245.0003    0.040093    0.042732    0.036206
 1252.5003    0.039176    0.043629    0.036718
 1260.0003    0.038060    0.044107    0.036838
 1267.5003    0.037098    0.043991    0.036956
 1275.0003    0.036560    0.043429    0.037180
 1282.5003    0.036519    0.042845    0.037038
 1290.0003    0.036909    0.042519    0.035856
 1297.5003    0.037527    0.042682    0.033880
 1305.0004    0.037863    0.043033    0.032123
 1312.5004    0.037919    0.042779    0.031453
 1320.0004    0.037719    0.041435    0.031585
 1327.5004    0.037404    0.039371    0.031791
 1335.0004    0.037128    0.037541    0.031906
 1342.5004    0.036896    0.036105    0.031865
 1350.0004    0.036763    0.034918    0.031352
 1357.5004    0.036913    0.033502    0.030256
 1365.0004    0.037089    0.032039    0.029060
 1372.5004    0.036765    0.030870    0.028952
 1380.0004    0.035703    0.030388    0.030605
 1387.5004    0.034117    0.031001    0.033367
 1395.0004    0.032692    0.032812    0.035442
 1402.5004    0.032006    0.035140    0.035656
 1410.0004    0.031803    0.037018    0.034116
 1417.5004    0.031569    0.037846    0.032025
 1425.0004    0.030902    0.037326    0.030405
 1432.5004    0.029905    0.036019    0.029607
 1440.0004    0.029207    0.034664    0.029201
 1447.5004    0.029050    0.033490    0.028312
 1455.0004    0.029186    0.032131    0.026875
 1462.5004    0.029116    0.030431    0.025254
 1470.0004    0.028391    0.028443    0.024142
 1477.5004    0.026879    0.026671    0.023998
 1485.0004    0.024933    0.025412    0.025121
 1492.5004    0.022566    0.024756    0.027247
 1500.0004    0.020048    0.024302    0.029173
