HD109387     -14.8364     -9.58821     -14.2402
HD109387      7.10747      5.91030      5.98313
-1500.0004   -0.007714   -0.011719   -0.008082
-1492.5004   -0.007006   -0.011086   -0.008028
-1485.0004   -0.006522   -0.009993   -0.008328
-1477.5004   -0.006274   -0.008811   -0.008421
-1470.0004   -0.006169   -0.008155   -0.007872
-1462.5004   -0.005777   -0.007952   -0.006998
-1455.0004   -0.005052   -0.007076   -0.006113
-1447.5004   -0.004304   -0.005136   -0.005239
-1440.0004   -0.003889   -0.003376   -0.004154
-1432.5004   -0.003678   -0.002738   -0.003347
-1425.0004   -0.003300   -0.002907   -0.002997
-1417.5004   -0.001964   -0.002795   -0.002463
-1410.0004    0.000487   -0.001515   -0.001302
-1402.5004    0.003238    0.000853    0.000230
-1395.0004    0.005507    0.003493    0.001777
-1387.5004    0.007198    0.005708    0.003183
-1380.0004    0.008357    0.006988    0.004114
-1372.5004    0.009352    0.006787    0.004566
-1365.0004    0.009990    0.005337    0.004747
-1357.5004    0.009631    0.003574    0.004817
-1350.0004    0.008279    0.002477    0.004409
-1342.5004    0.006668    0.002429    0.003380
-1335.0004    0.005404    0.002814    0.002154
-1327.5004    0.004529    0.002930    0.001220
-1320.0004    0.003934    0.002862    0.000941
-1312.5004    0.003510    0.002837    0.001097
-1305.0004    0.003117    0.002737    0.000932
-1297.5003    0.002626    0.002241    0.000270
-1290.0003    0.002178    0.001150   -0.000097
-1282.5003    0.001942   -0.000110    0.000176
-1275.0003    0.001969   -0.000633    0.001160
-1267.5003    0.002167   -0.000491    0.002794
-1260.0003    0.002512   -0.000616    0.004138
-1252.5003    0.002817   -0.001085    0.004377
-1245.0003    0.003378   -0.000936    0.003961
-1237.5003    0.004189    0.000360    0.003763
-1230.0003    0.004955    0.002166    0.003808
-1222.5003    0.005571    0.003738    0.003925
-1215.0003    0.006135    0.004777    0.004023
-1207.5003    0.007194    0.005294    0.004483
-1200.0003    0.008985    0.005810    0.005540
-1192.5003    0.011088    0.006595    0.006864
-1185.0003    0.012857    0.007461    0.007938
-1177.5003    0.013922    0.008223    0.008169
-1170.0003    0.014300    0.008959    0.007390
-1162.5003    0.013981    0.009825    0.006345
-1155.0003    0.013254    0.010780    0.006167
-1147.5003    0.012899    0.011859    0.007006
-1140.0003    0.013549    0.013014    0.008480
-1132.5003    0.014892    0.014183    0.010117
-1125.0003    0.016236    0.015049    0.011590
-1117.5003    0.017235    0.015218    0.012659
-1110.0003    0.018209    0.014849    0.013154
-1102.5003    0.019312    0.014722    0.013345
-1095.0003    0.019981    0.015203    0.013510
-1087.5003    0.019655    0.015935    0.013813
-1080.0003    0.018685    0.016448    0.014136
-1072.5003    0.017979    0.016747    0.014047
-1065.0003    0.018106    0.017206    0.013547
-1057.5003    0.018711    0.017738    0.013008
-1050.0003    0.019035    0.017779    0.012499
-1042.5003    0.018755    0.017419    0.011892
-1035.0003    0.017683    0.016751    0.011335
-1027.5003    0.015720    0.015449    0.010877
-1020.0003    0.013455    0.013614    0.010105
-1012.5003    0.011699    0.011813    0.008694
-1005.0003    0.010279    0.010326    0.007075
 -997.5003    0.008586    0.008717    0.005600
 -990.0003    0.006506    0.006731    0.004014
 -982.5003    0.004465    0.004851    0.002272
 -975.0003    0.003244    0.003896    0.000562
 -967.5003    0.003250    0.004175   -0.000660
 -960.0003    0.003781    0.004886   -0.001194
 -952.5003    0.003838    0.004934   -0.001823
 -945.0003    0.003194    0.003902   -0.002741
 -937.5003    0.001904    0.002119   -0.003959
 -930.0002   -0.000487    0.000084   -0.005683
 -922.5002   -0.003549   -0.001898   -0.007849
 -915.0002   -0.005984   -0.003691   -0.009704
 -907.5002   -0.007477   -0.005017   -0.010493
 -900.0002   -0.008541   -0.005982   -0.010320
 -892.5002   -0.009521   -0.007014   -0.009757
 -885.0002   -0.010576   -0.008321   -0.009510
 -877.5002   -0.011876   -0.009883   -0.010141
 -870.0002   -0.013133   -0.011396   -0.011518
 -862.5002   -0.013706   -0.012816   -0.013179
 -855.0002   -0.013700   -0.014279   -0.014683
 -847.5002   -0.013916   -0.015694   -0.015910
 -840.0002   -0.014899   -0.016858   -0.017061
 -832.5002   -0.016566   -0.017747   -0.018465
 -825.0002   -0.018510   -0.018329   -0.019940
 -817.5002   -0.020569   -0.018657   -0.021371
 -810.0002   -0.022533   -0.018875   -0.022996
 -802.5002   -0.023911   -0.019291   -0.024729
 -795.0002   -0.024577   -0.020524   -0.026185
 -787.5002   -0.024763   -0.022758   -0.027339
 -780.0002   -0.025117   -0.025170   -0.028353
 -772.5002   -0.025892   -0.026865   -0.029193
 -765.0002   -0.026531   -0.027746   -0.030203
 -757.5002   -0.026613   -0.028016   -0.031820
 -750.0002   -0.026230   -0.028038   -0.033828
 -742.5002   -0.026006   -0.028327   -0.035529
 -735.0002   -0.026780   -0.029543   -0.036730
 -727.5002   -0.028462   -0.031816   -0.037680
 -720.0002   -0.029955   -0.034087   -0.038856
 -712.5002   -0.030608   -0.035007   -0.040014
 -705.0002   -0.030827   -0.034167   -0.040349
 -697.5002   -0.031191   -0.032634   -0.039841
 -690.0002   -0.031766   -0.031795   -0.039215
 -682.5002   -0.032485   -0.032085   -0.038904
 -675.0002   -0.033703   -0.032790   -0.038660
 -667.5002   -0.035256   -0.033286   -0.038259
 -660.0002   -0.036475   -0.033776   -0.038284
 -652.5002   -0.036861   -0.034282   -0.039402
 -645.0002   -0.036784   -0.035007   -0.041327
 -637.5002   -0.036955   -0.036500   -0.043367
 -630.0002   -0.037689   -0.038589   -0.045007
 -622.5002   -0.038616   -0.040042   -0.046017
 -615.0002   -0.039009   -0.039829   -0.045972
 -607.5002   -0.038724   -0.038017   -0.044688
 -600.0002   -0.038265   -0.035710   -0.042817
 -592.5002   -0.037735   -0.034157   -0.041175
 -585.0002   -0.037051   -0.033429   -0.039931
 -577.5002   -0.036140   -0.033033   -0.039080
 -570.0002   -0.035260   -0.032879   -0.038544
 -562.5002   -0.035072   -0.033232   -0.038672
 -555.0001   -0.035658   -0.033973   -0.039518
 -547.5001   -0.036106   -0.034348   -0.040370
 -540.0001   -0.036132   -0.034259   -0.040933
 -532.5001   -0.036054   -0.034318   -0.041498
 -525.0001   -0.036522   -0.035029   -0.042188
 -517.5001   -0.037812   -0.036238   -0.043033
 -510.0001   -0.039558   -0.037368   -0.043845
 -502.5001   -0.041143   -0.038008   -0.044349
 -495.0001   -0.042109   -0.038226   -0.043943
 -487.5001   -0.042257   -0.038610   -0.042946
 -480.0001   -0.041779   -0.039391   -0.041983
 -472.5001   -0.041032   -0.040200   -0.041041
 -465.0001   -0.040279   -0.040601   -0.040075
 -457.5001   -0.040135   -0.040558   -0.039202
 -450.0001   -0.041055   -0.040756   -0.038640
 -442.5001   -0.042678   -0.041403   -0.038843
 -435.0001   -0.043799   -0.041842   -0.039998
 -427.5001   -0.043560   -0.041476   -0.041168
 -420.0001   -0.041905   -0.040441   -0.041189
 -412.5001   -0.039286   -0.039081   -0.040008
 -405.0001   -0.036606   -0.037492   -0.038308
 -397.5001   -0.034581   -0.035714   -0.036862
 -390.0001   -0.033437   -0.033782   -0.035794
 -382.5001   -0.032844   -0.031983   -0.034647
 -375.0001   -0.032158   -0.030634   -0.033544
 -367.5001   -0.031037   -0.029870   -0.032665
 -360.0001   -0.029539   -0.029072   -0.031555
 -352.5001   -0.027592   -0.027572   -0.029542
 -345.0001   -0.025079   -0.025351   -0.026594
 -337.5001   -0.022287   -0.023117   -0.023459
 -330.0001   -0.019855   -0.021205   -0.020712
 -322.5001   -0.017576   -0.019367   -0.018227
 -315.0001   -0.014934   -0.017011   -0.015684
 -307.5001   -0.011877   -0.014161   -0.012959
 -300.0001   -0.008707   -0.011238   -0.010106
 -292.5001   -0.005877   -0.008458   -0.007308
 -285.0001   -0.003641   -0.005848   -0.004718
 -277.5001   -0.001604   -0.003272   -0.002675
 -270.0001    0.000713   -0.000362   -0.000932
 -262.5001    0.003361    0.002767    0.000828
 -255.0001    0.005802    0.005698    0.002604
 -247.5001    0.007835    0.008636    0.004840
 -240.0001    0.009991    0.012012    0.008058
 -232.5001    0.012791    0.015538    0.012015
 -225.0001    0.016239    0.018937    0.015959
 -217.5001    0.020280    0.022048    0.019562
 -210.0001    0.024870    0.024654    0.022931
 -202.5001    0.029754    0.027128    0.026548
 -195.0001    0.034632    0.030085    0.030805
 -187.5001    0.039328    0.033718    0.035437
 -180.0000    0.043723    0.038001    0.040186
 -172.5000    0.047691    0.043037    0.045195
 -165.0000    0.051003    0.048682    0.050221
 -157.5000    0.054138    0.054438    0.054830
 -150.0000    0.057869    0.060098    0.059308
 -142.5000    0.062486    0.065841    0.064034
 -135.0000    0.067745    0.071612    0.069095
 -127.5000    0.073582    0.077434    0.074286
 -120.0000    0.080003    0.083471    0.079515
 -112.5000    0.087279    0.089606    0.084517
 -105.0000    0.095104    0.095297    0.089361
  -97.5000    0.102478    0.100284    0.094535
  -90.0000    0.108390    0.104585    0.100280
  -82.5000    0.113365    0.108706    0.106007
  -75.0000    0.118500    0.113094    0.110885
  -67.5000    0.123766    0.117685    0.115074
  -60.0000    0.128543    0.122143    0.119414
  -52.5000    0.132454    0.126428    0.123942
  -45.0000    0.135367    0.130554    0.127946
  -37.5000    0.137397    0.134097    0.131032
  -30.0000    0.139098    0.136776    0.133382
  -22.5000    0.140376    0.138896    0.135118
  -15.0000    0.140766    0.140354    0.135957
   -7.5000    0.140261    0.140623    0.135408
    0.0000    0.139241    0.139563    0.133819
    7.5000    0.137768    0.137711    0.132118
   15.0000    0.135952    0.135921    0.130808
   22.5000    0.133609    0.134270    0.129068
   30.0000    0.130987    0.132676    0.126303
   37.5000    0.128671    0.130866    0.123128
   45.0000    0.126473    0.128334    0.120166
   52.5000    0.123759    0.124970    0.117396
   60.0000    0.120188    0.121353    0.114493
   67.5000    0.116149    0.117981    0.111067
   75.0000    0.112158    0.115099    0.106796
   82.5000    0.108457    0.112619    0.102004
   90.0000    0.105099    0.110612    0.097582
   97.5000    0.102309    0.109149    0.093790
  105.0000    0.099663    0.107705    0.090009
  112.5000    0.096484    0.105127    0.085966
  120.0000    0.092437    0.101074    0.081820
  127.5000    0.088342    0.096321    0.078137
  135.0000    0.084843    0.091647    0.075336
  142.5000    0.081668    0.087188    0.073065
  150.0000    0.078794    0.083152    0.070710
  157.5000    0.076764    0.079375    0.067999
  165.0000    0.075550    0.075360    0.065347
  172.5000    0.074339    0.071469    0.063348
  180.0000    0.072183    0.068768    0.062075
  187.5001    0.069185    0.067298    0.060792
  195.0001    0.065889    0.066325    0.059002
  202.5001    0.063264    0.065447    0.057182
  210.0001    0.061896    0.064744    0.056192
  217.5001    0.061249    0.064151    0.055887
  225.0001    0.060155    0.063209    0.055210
  232.5001    0.058352    0.061416    0.053502
  240.0001    0.056080    0.059052    0.051103
  247.5001    0.053652    0.056624    0.048715
  255.0001    0.051233    0.054246    0.047115
  262.5001    0.048897    0.051925    0.046727
  270.0001    0.046410    0.049726    0.046568
  277.5001    0.043988    0.047945    0.045347
  285.0001    0.042340    0.047264    0.042875
  292.5001    0.041679    0.047109    0.040146
  300.0001    0.040994    0.046365    0.038221
  307.5001    0.039107    0.044662    0.036983
  315.0001    0.036090    0.042337    0.035696
  322.5001    0.033121    0.039962    0.034030
  330.0001    0.031053    0.038094    0.032170
  337.5001    0.029844    0.036757    0.030258
  345.0001    0.029203    0.035401    0.028253
  352.5001    0.028729    0.033441    0.026064
  360.0001    0.027838    0.031270    0.023510
  367.5001    0.026486    0.029361    0.021087
  375.0001    0.024773    0.027954    0.019475
  382.5001    0.022796    0.026747    0.018483
  390.0001    0.020845    0.025455    0.017329
  397.5001    0.018827    0.023909    0.016046
  405.0001    0.016669    0.022325    0.015381
  412.5001    0.014474    0.020462    0.015603
  420.0001    0.012681    0.018025    0.015647
  427.5001    0.011386    0.015788    0.014579
  435.0001    0.010345    0.014201    0.012297
  442.5001    0.009406    0.013151    0.009639
  450.0001    0.008203    0.012050    0.006879
  457.5001    0.006781    0.010479    0.003958
  465.0001    0.005558    0.008484    0.001469
  472.5001    0.004439    0.006839   -0.000071
  480.0001    0.003442    0.006124   -0.000915
  487.5001    0.002952    0.006217   -0.001798
  495.0001    0.002704    0.006398   -0.003030
  502.5001    0.002029    0.006427   -0.004245
  510.0001    0.000792    0.006183   -0.005178
  517.5001   -0.000809    0.004996   -0.006175
  525.0001   -0.002719    0.002849   -0.007724
  532.5001   -0.004624    0.000804   -0.009839
  540.0001   -0.006143   -0.000881   -0.011988
  547.5001   -0.006977   -0.002765   -0.013247
  555.0001   -0.007207   -0.004956   -0.013296
  562.5002   -0.007191   -0.006567   -0.012598
  570.0002   -0.007380   -0.007164   -0.012210
  577.5002   -0.008264   -0.007289   -0.012852
  585.0002   -0.010162   -0.007438   -0.014121
  592.5002   -0.012775   -0.007891   -0.015192
  600.0002   -0.015210   -0.009159   -0.015684
  607.5002   -0.016744   -0.011314   -0.016455
  615.0002   -0.017709   -0.013649   -0.018278
  622.5002   -0.018856   -0.015459   -0.020507
  630.0002   -0.020349   -0.016538   -0.021855
  637.5002   -0.021961   -0.016998   -0.022013
  645.0002   -0.023286   -0.017439   -0.021838
  652.5002   -0.023708   -0.018164   -0.022087
  660.0002   -0.023213   -0.019073   -0.023100
  667.5002   -0.022593   -0.020044   -0.024621
  675.0002   -0.022442   -0.020794   -0.026357
  682.5002   -0.023065   -0.021399   -0.027950
  690.0002   -0.024576   -0.021985   -0.029063
  697.5002   -0.026554   -0.022976   -0.029842
  705.0002   -0.028228   -0.024443   -0.030688
  712.5002   -0.029140   -0.026058   -0.031734
  720.0002   -0.029418   -0.027307   -0.032456
  727.5002   -0.029747   -0.028030   -0.032421
  735.0002   -0.030743   -0.028479   -0.032013
  742.5002   -0.032152   -0.029062   -0.032214
  750.0002   -0.033358   -0.029861   -0.033360
  757.5002   -0.033785   -0.030737   -0.034945
  765.0002   -0.033435   -0.031119   -0.036329
  772.5002   -0.032744   -0.030689   -0.037177
  780.0002   -0.032341   -0.029879   -0.037301
  787.5002   -0.032364   -0.029529   -0.036768
  795.0002   -0.032548   -0.029748   -0.035673
  802.5002   -0.032290   -0.029900   -0.034564
  810.0002   -0.031308   -0.029587   -0.034029
  817.5002   -0.030014   -0.028967   -0.034166
  825.0002   -0.028780   -0.028234   -0.034453
  832.5002   -0.027861   -0.027430   -0.034425
  840.0002   -0.027262   -0.026789   -0.034247
  847.5002   -0.026742   -0.026411   -0.033939
  855.0002   -0.026010   -0.025852   -0.033197
  862.5002   -0.025057   -0.025028   -0.032020
  870.0002   -0.024455   -0.024499   -0.030572
  877.5002   -0.024678   -0.024564   -0.029103
  885.0002   -0.025691   -0.024677   -0.028024
  892.5002   -0.026828   -0.024390   -0.027676
  900.0002   -0.027205   -0.024121   -0.027643
  907.5002   -0.026678   -0.024150   -0.027088
  915.0002   -0.025544   -0.024321   -0.025972
  922.5002   -0.024305   -0.024445   -0.024953
  930.0002   -0.023599   -0.023920   -0.024413
  937.5003   -0.023619   -0.022519   -0.024137
  945.0003   -0.023768   -0.021161   -0.024025
  952.5003   -0.023281   -0.020686   -0.024138
  960.0003   -0.022062   -0.020701   -0.024860
  967.5003   -0.020339   -0.020423   -0.025572
  975.0003   -0.018594   -0.019629   -0.024967
  982.5003   -0.017792   -0.018841   -0.022886
  990.0003   -0.018177   -0.018704   -0.020275
  997.5003   -0.019736   -0.019383   -0.018110
 1005.0003   -0.021930   -0.020402   -0.016994
 1012.5003   -0.023723   -0.021316   -0.017141
 1020.0003   -0.023971   -0.021991   -0.018106
 1027.5003   -0.022718   -0.022386   -0.019463
 1035.0003   -0.021152   -0.022094   -0.020499
 1042.5003   -0.019924   -0.020821   -0.020494
 1050.0003   -0.019081   -0.018994   -0.019471
 1057.5003   -0.018396   -0.017335   -0.018228
 1065.0003   -0.017898   -0.016397   -0.017309
 1072.5003   -0.017754   -0.016340   -0.016732
 1080.0003   -0.018155   -0.017197   -0.016772
 1087.5003   -0.019130   -0.018721   -0.017617
 1095.0003   -0.020232   -0.020105   -0.018973
 1102.5003   -0.021022   -0.020991   -0.020264
 1110.0003   -0.021418   -0.021213   -0.021034
 1117.5003   -0.021680   -0.020910   -0.020995
 1125.0003   -0.021638   -0.020692   -0.020674
 1132.5003   -0.020891   -0.020982   -0.020580
 1140.0003   -0.019389   -0.021336   -0.020889
 1147.5003   -0.017760   -0.020790   -0.021241
 1155.0003   -0.016801   -0.019290   -0.021015
 1162.5003   -0.016944   -0.017684   -0.020036
 1170.0003   -0.017678   -0.016573   -0.018566
 1177.5003   -0.018165   -0.015969   -0.017018
 1185.0003   -0.017646   -0.015174   -0.015662
 1192.5003   -0.016276   -0.013861   -0.014563
 1200.0003   -0.014983   -0.012723   -0.013264
 1207.5003   -0.014162   -0.012378   -0.011642
 1215.0003   -0.013723   -0.012500   -0.010365
 1222.5003   -0.013680   -0.012329   -0.009788
 1230.0003   -0.013728   -0.011695   -0.009637
 1237.5003   -0.013492   -0.010592   -0.009645
 1245.0003   -0.013002   -0.009335   -0.009772
 1252.5003   -0.012792   -0.008416   -0.009929
 1260.0003   -0.012820   -0.008119   -0.009969
 1267.5003   -0.012500   -0.008577   -0.009634
 1275.0003   -0.011380   -0.009254   -0.008996
 1282.5003   -0.009527   -0.009435   -0.008060
 1290.0003   -0.007481   -0.008749   -0.006988
 1297.5003   -0.005564   -0.007113   -0.006051
 1305.0004   -0.004075   -0.004726   -0.004985
 1312.5004   -0.002761   -0.002310   -0.003479
 1320.0004   -0.001502   -0.000396   -0.001601
 1327.5004   -0.000710    0.000741    0.000227
 1335.0004   -0.000624    0.000831    0.001687
 1342.5004   -0.000906    0.000347    0.002696
 1350.0004   -0.001037   -0.000133    0.002990
 1357.5004   -0.000634   -0.000109    0.002481
 1365.0004   -0.000406    0.000216    0.001303
 1372.5004   -0.000674    0.000654    0.000153
 1380.0004   -0.000962    0.001424    0.000170
 1387.5004   -0.000879    0.002507    0.001492
 1395.0004   -0.000650    0.003466    0.003196
 1402.5004   -0.000470    0.003748    0.004257
 1410.0004   -0.000199    0.003336    0.004528
 1417.5004   -0.000056    0.002992    0.004315
 1425.0004   -0.000329    0.003101    0.004061
 1432.5004   -0.000803    0.003190    0.003957
 1440.0004   -0.000729    0.002758    0.003843
 1447.5004    0.000452    0.002012    0.003176
 1455.0004    0.002334    0.001690    0.002005
 1462.5004    0.003545    0.002225    0.001220
 1470.0004    0.003700    0.003049    0.001363
 1477.5004    0.002937    0.003631    0.001668
 1485.0004    0.001646    0.003780    0.001957
 1492.5004    0.000404    0.003568    0.002373
 1500.0004   -0.000337    0.003281    0.002391
