HD113120     -3.43071      28.8583     -30.8769      38.4490     -40.3043
      45.6726
HD113120      1.82411      1.74946      1.57952      1.73153      1.96374
      1.91324
-1500.0004   -0.028469   -0.029051   -0.013591   -0.028907   -0.030044   -0.019010
-1492.5004   -0.029260   -0.031977   -0.013851   -0.029589   -0.034544   -0.021123
-1485.0004   -0.029962   -0.034290   -0.015575   -0.029964   -0.037266   -0.024714
-1477.5004   -0.030008   -0.035288   -0.018645   -0.031006   -0.037939   -0.028657
-1470.0004   -0.029302   -0.035426   -0.021567   -0.033474   -0.037903   -0.031616
-1462.5004   -0.028931   -0.034419   -0.022698   -0.037397   -0.037915   -0.033431
-1455.0004   -0.029183   -0.031931   -0.021793   -0.041618   -0.038486   -0.034359
-1447.5004   -0.029726   -0.029376   -0.020852   -0.044497   -0.039895   -0.034700
-1440.0004   -0.030026   -0.028362   -0.021147   -0.045762   -0.041737   -0.034111
-1432.5004   -0.030036   -0.029536   -0.023051   -0.045464   -0.043148   -0.032635
-1425.0004   -0.030100   -0.032062   -0.025791   -0.044814   -0.043458   -0.031393
-1417.5004   -0.030423   -0.034997   -0.027957   -0.044234   -0.042503   -0.032208
-1410.0004   -0.030909   -0.037157   -0.028582   -0.043289   -0.040554   -0.034879
-1402.5004   -0.030839   -0.037597   -0.027853   -0.041465   -0.038417   -0.037828
-1395.0004   -0.029495   -0.035622   -0.027222   -0.039215   -0.036804   -0.039505
-1387.5004   -0.027753   -0.032268   -0.027043   -0.037781   -0.036156   -0.038923
-1380.0004   -0.027728   -0.030662   -0.026856   -0.037402   -0.036173   -0.036725
-1372.5004   -0.030058   -0.032999   -0.026183   -0.037876   -0.036723   -0.033849
-1365.0004   -0.032849   -0.038205   -0.024734   -0.039421   -0.037676   -0.032146
-1357.5004   -0.034332   -0.042883   -0.023560   -0.041369   -0.039305   -0.032168
-1350.0004   -0.034058   -0.044459   -0.023305   -0.042903   -0.041191   -0.033573
-1342.5004   -0.033051   -0.042793   -0.023903   -0.043115   -0.042749   -0.035609
-1335.0004   -0.032974   -0.040806   -0.024565   -0.041681   -0.043229   -0.036925
-1327.5004   -0.034724   -0.041011   -0.024009   -0.039421   -0.043133   -0.036664
-1320.0004   -0.036926   -0.043184   -0.021649   -0.037398   -0.043253   -0.035525
-1312.5004   -0.037332   -0.044422   -0.018568   -0.035689   -0.044211   -0.034704
-1305.0004   -0.035297   -0.043135   -0.016598   -0.034670   -0.044984   -0.033997
-1297.5003   -0.032645   -0.040590   -0.016622   -0.034789   -0.044817   -0.033721
-1290.0003   -0.030675   -0.039737   -0.017883   -0.035815   -0.044459   -0.034487
-1282.5003   -0.029783   -0.041385   -0.019380   -0.037598   -0.044880   -0.036889
-1275.0003   -0.029511   -0.043311   -0.021178   -0.039916   -0.045984   -0.039458
-1267.5003   -0.029634   -0.042273   -0.023561   -0.041112   -0.047223   -0.040764
-1260.0003   -0.029735   -0.038249   -0.025759   -0.039151   -0.047706   -0.040371
-1252.5003   -0.030070   -0.034456   -0.026933   -0.034008   -0.047058   -0.037988
-1245.0003   -0.031229   -0.032993   -0.026165   -0.028349   -0.044766   -0.034609
-1237.5003   -0.033235   -0.034232   -0.025205   -0.025906   -0.041353   -0.031926
-1230.0003   -0.035200   -0.036901   -0.024907   -0.027448   -0.038286   -0.031667
-1222.5003   -0.035394   -0.039354   -0.024373   -0.031642   -0.036069   -0.034067
-1215.0003   -0.033106   -0.041392   -0.022794   -0.035910   -0.034662   -0.037211
-1207.5003   -0.029569   -0.042998   -0.020483   -0.038510   -0.035096   -0.039539
-1200.0003   -0.026930   -0.043754   -0.018746   -0.039943   -0.037881   -0.041741
-1192.5003   -0.025928   -0.043485   -0.018154   -0.041409   -0.041712   -0.043662
-1185.0003   -0.025544   -0.042503   -0.018099   -0.042847   -0.045391   -0.044917
-1177.5003   -0.024344   -0.041909   -0.017733   -0.044306   -0.048322   -0.044678
-1170.0003   -0.021945   -0.041504   -0.016605   -0.045170   -0.050074   -0.043014
-1162.5003   -0.019614   -0.039965   -0.015300   -0.044902   -0.050746   -0.041331
-1155.0003   -0.018061   -0.036422   -0.014529   -0.043091   -0.050950   -0.040186
-1147.5003   -0.017321   -0.031469   -0.015057   -0.039747   -0.049661   -0.038593
-1140.0003   -0.017175   -0.026554   -0.017275   -0.036345   -0.046389   -0.035941
-1132.5003   -0.017661   -0.023548   -0.019715   -0.034301   -0.042184   -0.033314
-1125.0003   -0.019775   -0.023012   -0.020900   -0.033358   -0.039402   -0.031836
-1117.5003   -0.023809   -0.024158   -0.019469   -0.033205   -0.039927   -0.031938
-1110.0003   -0.028580   -0.026329   -0.016644   -0.034046   -0.042698   -0.032818
-1102.5003   -0.032281   -0.029192   -0.015115   -0.036246   -0.045442   -0.034145
-1095.0003   -0.033781   -0.031979   -0.016706   -0.038753   -0.046785   -0.036570
-1087.5003   -0.033829   -0.034248   -0.020467   -0.040292   -0.047218   -0.040312
-1080.0003   -0.034524   -0.035396   -0.024635   -0.041422   -0.047768   -0.043888
-1072.5003   -0.036454   -0.034975   -0.028127   -0.043127   -0.049053   -0.045658
-1065.0003   -0.038958   -0.033329   -0.029986   -0.045682   -0.050404   -0.043984
-1057.5003   -0.040936   -0.030661   -0.029931   -0.047753   -0.050845   -0.039824
-1050.0003   -0.041058   -0.026923   -0.027954   -0.047644   -0.050696   -0.034852
-1042.5003   -0.039048   -0.023091   -0.024753   -0.045675   -0.051148   -0.031457
-1035.0003   -0.035666   -0.022202   -0.021751   -0.043500   -0.052273   -0.031100
-1027.5003   -0.032620   -0.025260   -0.019951   -0.042886   -0.053240   -0.033201
-1020.0003   -0.030326   -0.030483   -0.018803   -0.044196   -0.053325   -0.035403
-1012.5003   -0.029504   -0.034348   -0.017294   -0.047195   -0.052117   -0.036058
-1005.0003   -0.029680   -0.035177   -0.015245   -0.050327   -0.049998   -0.035784
 -997.5003   -0.030145   -0.034165   -0.012779   -0.052791   -0.048008   -0.036565
 -990.0003   -0.030207   -0.033875   -0.010472   -0.053987   -0.047262   -0.037864
 -982.5003   -0.029711   -0.035309   -0.009639   -0.053321   -0.047234   -0.038520
 -975.0003   -0.029430   -0.037110   -0.011001   -0.050664   -0.047025   -0.038230
 -967.5003   -0.029329   -0.038699   -0.014401   -0.046967   -0.046175   -0.036805
 -960.0003   -0.029470   -0.039343   -0.018653   -0.044095   -0.045511   -0.034472
 -952.5003   -0.030257   -0.038920   -0.022069   -0.043575   -0.045888   -0.032617
 -945.0003   -0.031765   -0.038747   -0.023813   -0.044382   -0.048306   -0.032067
 -937.5003   -0.033099   -0.039107   -0.024460   -0.044952   -0.052103   -0.032832
 -930.0002   -0.032957   -0.038217   -0.024717   -0.044687   -0.055729   -0.034519
 -922.5002   -0.031537   -0.034270   -0.024500   -0.043643   -0.057222   -0.036085
 -915.0002   -0.030578   -0.028369   -0.023745   -0.043168   -0.056209   -0.036802
 -907.5002   -0.031311   -0.022798   -0.022728   -0.043972   -0.053681   -0.036810
 -900.0002   -0.033336   -0.019840   -0.021831   -0.044922   -0.051304   -0.037867
 -892.5002   -0.034824   -0.020140   -0.021585   -0.044947   -0.049755   -0.041114
 -885.0002   -0.035108   -0.022022   -0.021649   -0.044574   -0.049327   -0.044614
 -877.5002   -0.034712   -0.023502   -0.021452   -0.044725   -0.049934   -0.046659
 -870.0002   -0.034630   -0.024365   -0.020754   -0.044991   -0.050703   -0.046690
 -862.5002   -0.035184   -0.025439   -0.019679   -0.044720   -0.050748   -0.045026
 -855.0002   -0.036024   -0.026955   -0.019075   -0.043176   -0.049254   -0.042200
 -847.5002   -0.036190   -0.027671   -0.019570   -0.040638   -0.046968   -0.039414
 -840.0002   -0.034140   -0.026906   -0.021024   -0.038674   -0.045445   -0.038435
 -832.5002   -0.030772   -0.024631   -0.022423   -0.038034   -0.044738   -0.039604
 -825.0002   -0.028122   -0.022034   -0.023003   -0.038257   -0.044013   -0.041392
 -817.5002   -0.026852   -0.019336   -0.022402   -0.038799   -0.043372   -0.041968
 -810.0002   -0.025924   -0.016566   -0.020048   -0.038410   -0.043741   -0.040825
 -802.5002   -0.024197   -0.014130   -0.015658   -0.036340   -0.045433   -0.038578
 -795.0002   -0.021474   -0.013396   -0.010700   -0.033798   -0.047975   -0.035694
 -787.5002   -0.018305   -0.014570   -0.007906   -0.032841   -0.050817   -0.032858
 -780.0002   -0.015130   -0.016877   -0.009115   -0.034258   -0.053752   -0.030974
 -772.5002   -0.012560   -0.018900   -0.012430   -0.036414   -0.055721   -0.031206
 -765.0002   -0.011846   -0.019454   -0.015080   -0.037009   -0.056168   -0.032924
 -757.5002   -0.013907   -0.019203   -0.015735   -0.034930   -0.054755   -0.034891
 -750.0002   -0.017880   -0.018874   -0.015030   -0.030316   -0.051420   -0.036702
 -742.5002   -0.021063   -0.017750   -0.014579   -0.024502   -0.047365   -0.037145
 -735.0002   -0.021027   -0.015100   -0.015435   -0.019318   -0.043408   -0.036292
 -727.5002   -0.018122   -0.012210   -0.016822   -0.016142   -0.040386   -0.034670
 -720.0002   -0.014871   -0.010577   -0.017069   -0.014871   -0.038067   -0.034014
 -712.5002   -0.013364   -0.010145   -0.015846   -0.014876   -0.036338   -0.034987
 -705.0002   -0.013222   -0.009819   -0.014098   -0.015423   -0.035416   -0.036506
 -697.5002   -0.012356   -0.008190   -0.012219   -0.017056   -0.035041   -0.036614
 -690.0002   -0.009720   -0.004584   -0.010896   -0.020090   -0.034486   -0.035144
 -682.5002   -0.006060    0.000233   -0.009632   -0.023581   -0.033288   -0.032898
 -675.0002   -0.002279    0.004491   -0.007931   -0.025693   -0.031461   -0.031244
 -667.5002    0.001416    0.006750   -0.005626   -0.025122   -0.029693   -0.030799
 -660.0002    0.003878    0.007119   -0.002532   -0.022854   -0.028731   -0.031246
 -652.5002    0.004788    0.006195    0.001003   -0.021140   -0.028833   -0.031434
 -645.0002    0.004967    0.004950    0.003451   -0.021005   -0.029577   -0.030023
 -637.5002    0.005618    0.004550    0.003996   -0.021611   -0.029829   -0.026857
 -630.0002    0.007298    0.005301    0.004568   -0.021010   -0.029531   -0.023417
 -622.5002    0.009416    0.006664    0.006820   -0.018661   -0.028873   -0.021538
 -615.0002    0.010557    0.009143    0.009818   -0.015629   -0.027066   -0.021029
 -607.5002    0.010287    0.013296    0.012205   -0.014761   -0.023824   -0.020762
 -600.0002    0.010382    0.018670    0.012604   -0.016709   -0.019756   -0.019540
 -592.5002    0.012166    0.022439    0.012070   -0.019136   -0.015560   -0.016914
 -585.0002    0.014949    0.023473    0.011657   -0.018975   -0.011804   -0.014009
 -577.5002    0.016974    0.022614    0.011848   -0.015476   -0.008734   -0.012282
 -570.0002    0.017078    0.022296    0.013160   -0.010411   -0.006193   -0.012007
 -562.5002    0.015247    0.023600    0.015066   -0.006630   -0.003896   -0.012412
 -555.0001    0.012623    0.025741    0.016121   -0.004482   -0.002775   -0.012163
 -547.5001    0.010618    0.027653    0.016298   -0.003679   -0.004480   -0.010503
 -540.0001    0.010960    0.028135    0.016407   -0.004195   -0.009566   -0.007862
 -532.5001    0.013908    0.026863    0.016680   -0.005417   -0.016395   -0.005582
 -525.0001    0.017523    0.024513    0.016418   -0.006862   -0.021947   -0.005436
 -517.5001    0.019405    0.022434    0.015943   -0.007933   -0.023808   -0.007691
 -510.0001    0.018677    0.021135    0.016149   -0.008667   -0.021590   -0.010708
 -502.5001    0.016290    0.020877    0.016908   -0.009471   -0.017039   -0.012449
 -495.0001    0.014535    0.021762    0.017302   -0.010421   -0.013343   -0.012348
 -487.5001    0.014358    0.022958    0.016595   -0.011187   -0.012751   -0.011850
 -480.0001    0.015135    0.022813    0.014480   -0.011510   -0.014369   -0.011644
 -472.5001    0.016670    0.021208    0.012480   -0.011156   -0.015352   -0.010290
 -465.0001    0.017779    0.019661    0.012749   -0.010702   -0.014531   -0.007177
 -457.5001    0.016840    0.018953    0.015336   -0.010162   -0.012701   -0.003211
 -450.0001    0.013944    0.018397    0.019108   -0.009174   -0.010736   -0.000131
 -442.5001    0.010458    0.017764    0.022120   -0.007700   -0.008924    0.001545
 -435.0001    0.007884    0.017321    0.024054   -0.006433   -0.006930    0.001861
 -427.5001    0.006742    0.017996    0.025470   -0.005372   -0.005249    0.001678
 -420.0001    0.007186    0.020167    0.026568   -0.004834   -0.004698    0.002351
 -412.5001    0.008410    0.021647    0.028186   -0.004171   -0.005747    0.003761
 -405.0001    0.009322    0.021467    0.030989   -0.003515   -0.007938    0.004284
 -397.5001    0.009566    0.021274    0.033728   -0.004094   -0.010145    0.003505
 -390.0001    0.009138    0.022588    0.033769   -0.006163   -0.011219    0.002361
 -382.5001    0.008279    0.025068    0.030208   -0.008764   -0.011762    0.001677
 -375.0001    0.008065    0.026936    0.025120   -0.010113   -0.013227    0.001285
 -367.5001    0.008608    0.027500    0.021197   -0.009482   -0.015693    0.001224
 -360.0001    0.008942    0.026862    0.019554   -0.007391   -0.017683    0.001450
 -352.5001    0.009218    0.025747    0.019437   -0.004948   -0.017621    0.001086
 -345.0001    0.009965    0.025381    0.020004   -0.003175   -0.015081   -0.000024
 -337.5001    0.011438    0.026575    0.020188   -0.002865   -0.011683   -0.002002
 -330.0001    0.013448    0.028677    0.018605   -0.003474   -0.009859   -0.004618
 -322.5001    0.015466    0.030841    0.015610   -0.003858   -0.010297   -0.006738
 -315.0001    0.016991    0.032773    0.013349   -0.002416   -0.011012   -0.007387
 -307.5001    0.017521    0.033845    0.013986    0.000710   -0.010201   -0.006702
 -300.0001    0.017410    0.033488    0.017551    0.003308   -0.007580   -0.004905
 -292.5001    0.017356    0.032018    0.022988    0.004416   -0.004501   -0.002592
 -285.0001    0.017925    0.030276    0.029024    0.004391   -0.001809   -0.000359
 -277.5001    0.019284    0.029371    0.034008    0.004680   -0.000540    0.000853
 -270.0001    0.021216    0.029484    0.037381    0.006065   -0.000678    0.001341
 -262.5001    0.023479    0.030434    0.039250    0.008112   -0.000774    0.001935
 -255.0001    0.025948    0.032848    0.040804    0.009756    0.000114    0.003717
 -247.5001    0.027899    0.036452    0.042289    0.010499    0.001794    0.007196
 -240.0001    0.029410    0.039621    0.042773    0.011153    0.004488    0.011578
 -232.5001    0.030687    0.041240    0.042191    0.013079    0.008598    0.015471
 -225.0001    0.031948    0.041131    0.040946    0.015885    0.012881    0.018025
 -217.5001    0.033450    0.040141    0.039678    0.018267    0.015343    0.018509
 -210.0001    0.034757    0.038958    0.039046    0.020066    0.015403    0.016803
 -202.5001    0.035734    0.037791    0.039970    0.021684    0.014818    0.014424
 -195.0001    0.036856    0.037313    0.041764    0.023538    0.015925    0.012114
 -187.5001    0.038606    0.037833    0.043687    0.026640    0.019418    0.010036
 -180.0000    0.040641    0.039307    0.045762    0.031026    0.024189    0.008368
 -172.5000    0.042995    0.041358    0.048605    0.035804    0.028910    0.008960
 -165.0000    0.045322    0.043497    0.051839    0.039826    0.033751    0.012537
 -157.5000    0.047091    0.046170    0.054946    0.042535    0.038366    0.019072
 -150.0000    0.048101    0.048940    0.058023    0.043937    0.041916    0.026115
 -142.5000    0.049416    0.050818    0.060327    0.044252    0.044269    0.030633
 -135.0000    0.052149    0.051384    0.060871    0.044299    0.045930    0.031927
 -127.5000    0.055754    0.051519    0.059902    0.044739    0.048178    0.030701
 -120.0000    0.058460    0.052909    0.059163    0.046667    0.050366    0.028869
 -112.5000    0.059568    0.056155    0.059412    0.049590    0.051531    0.027356
 -105.0000    0.059162    0.060120    0.059884    0.052541    0.052177    0.026213
  -97.5000    0.058025    0.063484    0.059363    0.055091    0.053473    0.026492
  -90.0000    0.056513    0.066702    0.058070    0.057362    0.056102    0.028984
  -82.5000    0.055480    0.070255    0.057840    0.059248    0.060235    0.033108
  -75.0000    0.055708    0.073579    0.059768    0.060349    0.066615    0.037411
  -67.5000    0.057560    0.075924    0.065285    0.060636    0.077014    0.040878
  -60.0000    0.061085    0.076399    0.077998    0.060623    0.093073    0.042991
  -52.5000    0.065567    0.075440    0.099740    0.059953    0.112029    0.044364
  -45.0000    0.070802    0.073373    0.125872    0.058499    0.126225    0.044997
  -37.5000    0.078847    0.071620    0.147049    0.057409    0.127502    0.045385
  -30.0000    0.092331    0.071518    0.153036    0.058189    0.115104    0.045289
  -22.5000    0.111452    0.072736    0.141377    0.060920    0.096323    0.044940
  -15.0000    0.131719    0.075007    0.120153    0.065018    0.080095    0.044714
   -7.5000    0.145184    0.079330    0.101497    0.069633    0.070834    0.045978
    0.0000    0.145431    0.089823    0.090498    0.075328    0.067684    0.049197
    7.5000    0.131917    0.108311    0.085304    0.083561    0.066854    0.054173
   15.0000    0.112122    0.131253    0.081311    0.097540    0.065859    0.061998
   22.5000    0.094447    0.148739    0.075979    0.117169    0.063979    0.075248
   30.0000    0.083403    0.152657    0.071011    0.136580    0.062488    0.094081
   37.5000    0.078302    0.142539    0.068262    0.146323    0.062386    0.112787
   45.0000    0.076077    0.125268    0.067396    0.140725    0.063844    0.122000
   52.5000    0.073846    0.109140    0.067268    0.123166    0.065513    0.116027
   60.0000    0.071582    0.097291    0.067355    0.102586    0.066208    0.098124
   67.5000    0.071304    0.088860    0.067839    0.086225    0.065670    0.077270
   75.0000    0.073971    0.082272    0.067298    0.075823    0.064364    0.060596
   82.5000    0.077683    0.076817    0.065076    0.069549    0.063563    0.049992
   90.0000    0.079427    0.072653    0.061277    0.065158    0.063532    0.043650
   97.5000    0.077873    0.069697    0.056916    0.061351    0.064012    0.040152
  105.0000    0.074602    0.067306    0.052877    0.058678    0.064240    0.038690
  112.5000    0.071067    0.064699    0.050502    0.058903    0.063201    0.039027
  120.0000    0.067601    0.061719    0.049745    0.060719    0.060674    0.040361
  127.5000    0.064702    0.059864    0.050393    0.061889    0.057326    0.041100
  135.0000    0.062907    0.060698    0.051607    0.061675    0.053553    0.039227
  142.5000    0.061464    0.063116    0.052572    0.060931    0.048684    0.034950
  150.0000    0.059614    0.064985    0.052796    0.059828    0.043149    0.030660
  157.5000    0.056746    0.063730    0.052726    0.058016    0.038806    0.027612
  165.0000    0.053357    0.058586    0.052368    0.055264    0.038302    0.025475
  172.5000    0.049937    0.051378    0.050928    0.051523    0.041959    0.024290
  180.0000    0.047711    0.045423    0.048758    0.047550    0.047859    0.023948
  187.5001    0.047152    0.042574    0.047004    0.044353    0.053261    0.024371
  195.0001    0.047682    0.042385    0.046204    0.043016    0.057008    0.026334
  202.5001    0.048655    0.043406    0.046589    0.043879    0.058566    0.029706
  210.0001    0.049259    0.043814    0.047199    0.046331    0.058034    0.032775
  217.5001    0.049779    0.043095    0.046515    0.048190    0.055991    0.033419
  225.0001    0.050626    0.042409    0.043404    0.047944    0.053565    0.031105
  232.5001    0.051390    0.042860    0.039057    0.045521    0.051506    0.027558
  240.0001    0.050729    0.044271    0.035323    0.043087    0.050442    0.024320
  247.5001    0.047797    0.045550    0.032561    0.042454    0.050970    0.021874
  255.0001    0.044239    0.045925    0.030346    0.043457    0.052039    0.019538
  262.5001    0.041794    0.045426    0.028249    0.044406    0.052107    0.018077
  270.0001    0.040867    0.044426    0.025916    0.044525    0.050516    0.018506
  277.5001    0.040963    0.043214    0.022703    0.044444    0.047263    0.020940
  285.0001    0.040211    0.042182    0.020228    0.044426    0.043483    0.022885
  292.5001    0.037466    0.041770    0.019880    0.045240    0.040744    0.022754
  300.0001    0.033135    0.041607    0.020647    0.046893    0.039223    0.020505
  307.5001    0.028505    0.041424    0.020631    0.047893    0.037287    0.016912
  315.0001    0.025122    0.040358    0.018531    0.046235    0.033535    0.013407
  322.5001    0.022750    0.037565    0.015397    0.042160    0.028511    0.009995
  330.0001    0.020481    0.032937    0.013247    0.037878    0.024644    0.005951
  337.5001    0.017609    0.026896    0.013100    0.035015    0.023371    0.002051
  345.0001    0.013813    0.021180    0.013590    0.033624    0.023928   -0.001497
  352.5001    0.009756    0.016960    0.012378    0.032895    0.024480   -0.004241
  360.0001    0.007041    0.013394    0.008936    0.031756    0.023382   -0.005472
  367.5001    0.006504    0.009926    0.005193    0.030360    0.020798   -0.004523
  375.0001    0.008005    0.007038    0.003718    0.028727    0.017151   -0.001438
  382.5001    0.010124    0.006044    0.005724    0.027490    0.013746    0.002005
  390.0001    0.010659    0.006784    0.009784    0.027963    0.011632    0.002717
  397.5001    0.008362    0.007600    0.013391    0.029678    0.011044   -0.000365
  405.0001    0.004601    0.006048    0.014550    0.031000    0.010742   -0.005491
  412.5001    0.001835    0.002306    0.013392    0.031069    0.011499   -0.010417
  420.0001    0.001585   -0.000978    0.011734    0.029865    0.013826   -0.013046
  427.5001    0.003816   -0.001436    0.010394    0.027065    0.017232   -0.013301
  435.0001    0.006768    0.000915    0.009652    0.023064    0.020438   -0.011970
  442.5001    0.009700    0.004779    0.008787    0.018347    0.021635   -0.009735
  450.0001    0.011437    0.008206    0.006927    0.013487    0.020170   -0.008187
  457.5001    0.011648    0.010627    0.004057    0.009996    0.016675   -0.008154
  465.0001    0.011086    0.012520    0.001476    0.008589    0.013308   -0.008584
  472.5001    0.011800    0.013930   -0.000340    0.008663    0.011604   -0.008195
  480.0001    0.013940    0.014306   -0.001246    0.009678    0.010817   -0.007039
  487.5001    0.016545    0.013218   -0.001337    0.011540    0.010204   -0.006026
  495.0001    0.018093    0.011737   -0.000664    0.014621    0.009971   -0.005755
  502.5001    0.017140    0.011554    0.000897    0.018193    0.010811   -0.006189
  510.0001    0.014609    0.012741    0.003251    0.020393    0.012515   -0.006848
  517.5001    0.011857    0.014666    0.006291    0.020417    0.013825   -0.006705
  525.0001    0.009942    0.016126    0.009135    0.018541    0.012722   -0.005463
  532.5001    0.009421    0.016346    0.011565    0.016011    0.009634   -0.004308
  540.0001    0.010105    0.016777    0.013189    0.013230    0.006355   -0.003957
  547.5001    0.011433    0.016991    0.013626    0.009263    0.004356   -0.004646
  555.0001    0.012420    0.016227    0.013118    0.004456    0.003442   -0.005370
  562.5002    0.012495    0.014818    0.011730    0.000483    0.003156   -0.006309
  570.0002    0.012020    0.014865    0.010366   -0.001524    0.003140   -0.007441
  577.5002    0.011376    0.017995    0.010405   -0.001463    0.003111   -0.008445
  585.0002    0.011659    0.022428    0.011670   -0.000364    0.003188   -0.009651
  592.5002    0.012734    0.024490    0.013019    0.001820    0.003734   -0.010541
  600.0002    0.013911    0.022676    0.014116    0.004715    0.004335   -0.009435
  607.5002    0.014149    0.018545    0.016090    0.007733    0.004888   -0.005605
  615.0002    0.013772    0.015335    0.019321    0.010166    0.006125   -0.001231
  622.5002    0.014046    0.014964    0.021742    0.011183    0.007811    0.001089
  630.0002    0.015352    0.016687    0.020754    0.010812    0.009171    0.000750
  637.5002    0.017657    0.019073    0.016883    0.010014    0.009795   -0.000932
  645.0002    0.019594    0.020521    0.012609    0.010498    0.010120   -0.002057
  652.5002    0.020156    0.019896    0.010533    0.012635    0.010481   -0.001048
  660.0002    0.020126    0.018504    0.010779    0.015390    0.011118    0.003014
  667.5002    0.020521    0.018660    0.012653    0.018461    0.011874    0.008171
  675.0002    0.021638    0.020721    0.015025    0.021478    0.012306    0.011485
  682.5002    0.022128    0.023107    0.016607    0.023564    0.011805    0.012380
  690.0002    0.020734    0.024371    0.016861    0.023394    0.010583    0.012088
  697.5002    0.018528    0.024027    0.016668    0.020383    0.010297    0.011488
  705.0002    0.017031    0.022494    0.016675    0.015416    0.011964    0.010945
  712.5002    0.016924    0.020921    0.016649    0.010284    0.014720    0.009813
  720.0002    0.017866    0.021315    0.016773    0.006783    0.016696    0.008832
  727.5002    0.018370    0.024301    0.017504    0.006812    0.016555    0.008560
  735.0002    0.017700    0.027639    0.018537    0.010030    0.014691    0.009044
  742.5002    0.015952    0.029926    0.018392    0.014589    0.011995    0.009065
  750.0002    0.013476    0.030597    0.016518    0.018690    0.009682    0.008131
  757.5002    0.011452    0.029868    0.013528    0.020941    0.008815    0.006905
  765.0002    0.010515    0.028781    0.010835    0.021215    0.009309    0.007582
  772.5002    0.010591    0.028454    0.009852    0.020002    0.011422    0.009503
  780.0002    0.010772    0.027779    0.011011    0.019615    0.014458    0.010870
  787.5002    0.010835    0.025583    0.013548    0.021104    0.017061    0.011345
  795.0002    0.010858    0.022954    0.017231    0.023134    0.018124    0.011822
  802.5002    0.011335    0.022106    0.020922    0.024376    0.017364    0.013120
  810.0002    0.012697    0.024077    0.023604    0.024367    0.015119    0.014095
  817.5002    0.015046    0.028426    0.023853    0.023104    0.013497    0.014032
  825.0002    0.018156    0.033547    0.022016    0.021253    0.014166    0.014016
  832.5002    0.021002    0.037111    0.019747    0.019899    0.016210    0.016320
  840.0002    0.022710    0.038387    0.018303    0.019591    0.017972    0.020016
  847.5002    0.022214    0.037711    0.017545    0.020401    0.019176    0.023084
  855.0002    0.020136    0.036171    0.016459    0.021345    0.020190    0.023174
  862.5002    0.018028    0.034847    0.014069    0.021731    0.020754    0.020519
  870.0002    0.017464    0.034936    0.010418    0.021574    0.021110    0.017114
  877.5002    0.018231    0.037086    0.006021    0.021185    0.022169    0.014568
  885.0002    0.019050    0.039540    0.002517    0.020629    0.024256    0.013681
  892.5002    0.018561    0.040859    0.001280    0.020366    0.026673    0.014702
  900.0002    0.017203    0.040300    0.002718    0.020937    0.027813    0.017627
  907.5002    0.015657    0.038916    0.006388    0.022517    0.026614    0.021322
  915.0002    0.013947    0.038395    0.010805    0.024899    0.023395    0.024683
  922.5002    0.012393    0.038486    0.014681    0.027512    0.020028    0.027666
  930.0002    0.012030    0.038445    0.017473    0.029347    0.018272    0.030357
  937.5003    0.013505    0.037546    0.019236    0.029676    0.018611    0.031199
  945.0003    0.016669    0.035927    0.019522    0.028999    0.019425    0.028727
  952.5003    0.019751    0.034134    0.018656    0.028582    0.020139    0.024146
  960.0003    0.020850    0.033037    0.018191    0.028184    0.021478    0.019798
  967.5003    0.020072    0.033296    0.019876    0.027226    0.023499    0.017050
  975.0003    0.018995    0.034067    0.022938    0.026659    0.026098    0.016753
  982.5003    0.018835    0.033968    0.025174    0.027352    0.028940    0.018639
  990.0003    0.020205    0.032934    0.025398    0.029302    0.031393    0.021685
  997.5003    0.022120    0.032167    0.024810    0.031806    0.032819    0.023555
 1005.0003    0.023783    0.032267    0.025322    0.033858    0.033964    0.023724
 1012.5003    0.025321    0.033064    0.027316    0.035361    0.035480    0.023193
 1020.0003    0.027098    0.033870    0.030149    0.037390    0.036902    0.022281
 1027.5003    0.029671    0.034859    0.032710    0.040614    0.037186    0.020643
 1035.0003    0.032225    0.036458    0.034597    0.043835    0.036578    0.019411
 1042.5003    0.033707    0.038187    0.035115    0.044923    0.036367    0.020105
 1050.0003    0.033974    0.039280    0.033813    0.043834    0.037103    0.022828
 1057.5003    0.033409    0.039843    0.031797    0.042181    0.038249    0.026235
 1065.0003    0.032736    0.039789    0.029908    0.041287    0.038106    0.028844
 1072.5003    0.032311    0.039044    0.029315    0.041028    0.036417    0.030248
 1080.0003    0.031914    0.037964    0.031363    0.040878    0.034025    0.031447
 1087.5003    0.031333    0.037323    0.035973    0.040244    0.032200    0.032944
 1095.0003    0.030779    0.036475    0.040689    0.039854    0.030662    0.033696
 1102.5003    0.030760    0.035091    0.043658    0.039757    0.028891    0.033409
 1110.0003    0.031052    0.034740    0.044745    0.039404    0.026532    0.031948
 1117.5003    0.031725    0.036006    0.043805    0.038008    0.024665    0.030109
 1125.0003    0.033935    0.037466    0.040157    0.035976    0.024601    0.029165
 1132.5003    0.038387    0.037529    0.034509    0.034339    0.027045    0.029035
 1140.0003    0.043443    0.036502    0.028874    0.033618    0.030775    0.029530
 1147.5003    0.046019    0.035923    0.025541    0.033575    0.033553    0.029995
 1155.0003    0.044989    0.036578    0.024709    0.034424    0.033887    0.030114
 1162.5003    0.041852    0.037781    0.026356    0.036160    0.032234    0.030551
 1170.0003    0.038439    0.037936    0.029614    0.038211    0.030183    0.031009
 1177.5003    0.036073    0.036295    0.032366    0.040171    0.029808    0.030210
 1185.0003    0.034720    0.033156    0.033711    0.041834    0.031714    0.027834
 1192.5003    0.033170    0.029742    0.034104    0.042167    0.034959    0.025143
 1200.0003    0.030919    0.027137    0.034510    0.040556    0.037578    0.022958
 1207.5003    0.028512    0.026005    0.034545    0.037351    0.038480    0.021492
 1215.0003    0.026252    0.026020    0.033465    0.033770    0.038270    0.020908
 1222.5003    0.024513    0.025724    0.031703    0.031355    0.037586    0.021045
 1230.0003    0.023281    0.024564    0.030737    0.030897    0.036237    0.021740
 1237.5003    0.022922    0.022748    0.030707    0.031025    0.034158    0.023375
 1245.0003    0.023838    0.021124    0.031115    0.030900    0.032165    0.025661
 1252.5003    0.025919    0.021004    0.032043    0.030950    0.031855    0.027062
 1260.0003    0.027931    0.023181    0.033246    0.032051    0.033678    0.027140
 1267.5003    0.028852    0.026892    0.034030    0.033825    0.036385    0.026690
 1275.0003    0.029127    0.030856    0.033395    0.034920    0.038723    0.026314
 1282.5003    0.030116    0.034138    0.030879    0.034834    0.039877    0.027053
 1290.0003    0.032182    0.036084    0.027478    0.033420    0.039246    0.028390
 1297.5003    0.034009    0.036487    0.025215    0.030590    0.037173    0.029759
 1305.0004    0.033979    0.034811    0.025189    0.027238    0.034866    0.030620
 1312.5004    0.032163    0.031508    0.025979    0.024293    0.034000    0.031185
 1320.0004    0.029718    0.027737    0.025812    0.021970    0.034900    0.031964
 1327.5004    0.028309    0.025347    0.023907    0.020528    0.035639    0.032060
 1335.0004    0.028737    0.024849    0.021369    0.020475    0.035121    0.030684
 1342.5004    0.030274    0.026046    0.020155    0.022397    0.033666    0.027790
 1350.0004    0.031257    0.027575    0.020949    0.026372    0.033315    0.023615
 1357.5004    0.030743    0.028631    0.022617    0.030126    0.034928    0.019635
 1365.0004    0.029457    0.029517    0.023744    0.032081    0.037788    0.018993
 1372.5004    0.028780    0.030973    0.024315    0.032307    0.040512    0.022181
 1380.0004    0.028418    0.033535    0.024870    0.032513    0.041837    0.027731
 1387.5004    0.027551    0.035886    0.025600    0.034492    0.041865    0.033474
 1395.0004    0.026415    0.035876    0.026688    0.037108    0.041219    0.037379
 1402.5004    0.025765    0.034432    0.027012    0.038494    0.040824    0.038124
 1410.0004    0.026542    0.033676    0.025768    0.037966    0.039969    0.036411
 1417.5004    0.028239    0.034642    0.023898    0.036458    0.037914    0.033132
 1425.0004    0.029959    0.035853    0.022649    0.036103    0.034795    0.029328
 1432.5004    0.030952    0.035596    0.022048    0.037761    0.031872    0.026675
 1440.0004    0.030834    0.033750    0.021429    0.041147    0.030966    0.027133
 1447.5004    0.030435    0.032320    0.020386    0.044634    0.031828    0.030684
 1455.0004    0.030244    0.032515    0.019521    0.046810    0.033363    0.035325
 1462.5004    0.030006    0.033373    0.019328    0.046499    0.034963    0.038976
 1470.0004    0.030190    0.033893    0.020038    0.043965    0.036938    0.040713
 1477.5004    0.031522    0.034298    0.020864    0.040975    0.039465    0.040573
 1485.0004    0.033419    0.035241    0.021480    0.039900    0.042618    0.038558
 1492.5004    0.034724    0.035669    0.022340    0.041375    0.045576    0.035729
 1500.0004    0.035194    0.034434    0.023958    0.043831    0.047406    0.033224
