HD137387     -15.0817   -0.0382233      39.8926     -24.1382     -27.0521
      29.8383
2.21802      2.21467      2.15589      2.25280      2.43483      2.35657
-1500.0004   -0.019155   -0.016460   -0.028500   -0.029043   -0.023576   -0.032403
-1492.5004   -0.020562   -0.019029   -0.029508   -0.030450   -0.024955   -0.031156
-1485.0004   -0.022199   -0.021825   -0.030159   -0.032377   -0.027002   -0.030611
-1477.5004   -0.024228   -0.023877   -0.030248   -0.034508   -0.029483   -0.031091
-1470.0004   -0.027177   -0.025483   -0.030155   -0.036073   -0.031760   -0.032485
-1462.5004   -0.030404   -0.027377   -0.030602   -0.036410   -0.033339   -0.034705
-1455.0004   -0.032649   -0.029538   -0.032019   -0.035732   -0.034080   -0.037714
-1447.5004   -0.033463   -0.031115   -0.034009   -0.035537   -0.034162   -0.040964
-1440.0004   -0.033430   -0.031604   -0.035735   -0.036574   -0.033460   -0.043425
-1432.5004   -0.033342   -0.031185   -0.036717   -0.038302   -0.032326   -0.044435
-1425.0004   -0.033145   -0.030232   -0.037039   -0.039737   -0.031725   -0.044716
-1417.5004   -0.032333   -0.028942   -0.036634   -0.040257   -0.032364   -0.045257
-1410.0004   -0.031246   -0.027677   -0.035484   -0.040054   -0.033788   -0.045946
-1402.5004   -0.030710   -0.026766   -0.033796   -0.039693   -0.034996   -0.046077
-1395.0004   -0.031483   -0.026295   -0.031468   -0.039208   -0.035914   -0.045390
-1387.5004   -0.033436   -0.025893   -0.029000   -0.038690   -0.036972   -0.043923
-1380.0004   -0.035606   -0.025450   -0.027132   -0.038680   -0.038230   -0.042009
-1372.5004   -0.036769   -0.025676   -0.026329   -0.038784   -0.039258   -0.040570
-1365.0004   -0.036487   -0.026831   -0.026765   -0.038324   -0.039365   -0.040023
-1357.5004   -0.035544   -0.028216   -0.028131   -0.037099   -0.037941   -0.039842
-1350.0004   -0.034952   -0.028730   -0.030065   -0.035170   -0.035368   -0.039520
-1342.5004   -0.034375   -0.027867   -0.032008   -0.032630   -0.032821   -0.039308
-1335.0004   -0.032989   -0.026311   -0.033487   -0.030662   -0.031244   -0.039465
-1327.5004   -0.030917   -0.025044   -0.034345   -0.029854   -0.031063   -0.039343
-1320.0004   -0.028960   -0.024175   -0.034995   -0.030280   -0.031731   -0.038259
-1312.5004   -0.027867   -0.023708   -0.035394   -0.031219   -0.032305   -0.036147
-1305.0004   -0.027967   -0.023743   -0.035168   -0.031806   -0.032508   -0.034449
-1297.5003   -0.029171   -0.024389   -0.034077   -0.031472   -0.032233   -0.034437
-1290.0003   -0.031156   -0.025841   -0.032548   -0.030309   -0.031482   -0.035566
-1282.5003   -0.032951   -0.028105   -0.031679   -0.028478   -0.030544   -0.036678
-1275.0003   -0.033964   -0.030193   -0.032195   -0.026694   -0.029535   -0.037107
-1267.5003   -0.034379   -0.031707   -0.033277   -0.026014   -0.028816   -0.036673
-1260.0003   -0.034610   -0.032375   -0.033672   -0.027008   -0.028699   -0.035372
-1252.5003   -0.035055   -0.032688   -0.033001   -0.029290   -0.029009   -0.033188
-1245.0003   -0.035971   -0.032906   -0.032209   -0.031381   -0.029677   -0.030929
-1237.5003   -0.037115   -0.032724   -0.032270   -0.032271   -0.030596   -0.029675
-1230.0003   -0.038375   -0.031739   -0.033167   -0.031725   -0.031359   -0.029631
-1222.5003   -0.038908   -0.029872   -0.034199   -0.030017   -0.031704   -0.029911
-1215.0003   -0.038185   -0.028009   -0.034056   -0.027368   -0.031673   -0.030186
-1207.5003   -0.036385   -0.026715   -0.032601   -0.024428   -0.031471   -0.030426
-1200.0003   -0.033594   -0.026299   -0.030924   -0.022241   -0.031174   -0.031410
-1192.5003   -0.030384   -0.026498   -0.030052   -0.021611   -0.030936   -0.032910
-1185.0003   -0.028022   -0.026801   -0.029848   -0.021859   -0.030917   -0.034332
-1177.5003   -0.027289   -0.027016   -0.029672   -0.021889   -0.031004   -0.035434
-1170.0003   -0.028282   -0.027250   -0.028905   -0.021326   -0.030983   -0.036221
-1162.5003   -0.030227   -0.027580   -0.027513   -0.020961   -0.030428   -0.036596
-1155.0003   -0.032215   -0.027743   -0.026148   -0.021536   -0.029001   -0.036232
-1147.5003   -0.033774   -0.027629   -0.025561   -0.023180   -0.027544   -0.035140
-1140.0003   -0.034380   -0.027157   -0.025853   -0.025323   -0.027446   -0.033416
-1132.5003   -0.033789   -0.026391   -0.026714   -0.027200   -0.028823   -0.031584
-1125.0003   -0.032358   -0.025104   -0.027673   -0.028474   -0.030610   -0.030561
-1117.5003   -0.030513   -0.023826   -0.028451   -0.029211   -0.031578   -0.030929
-1110.0003   -0.028740   -0.023503   -0.028819   -0.029493   -0.031904   -0.032811
-1102.5003   -0.027369   -0.023760   -0.028964   -0.029327   -0.032273   -0.034806
-1095.0003   -0.026102   -0.023870   -0.029057   -0.028869   -0.032698   -0.035724
-1087.5003   -0.024939   -0.023589   -0.029406   -0.027997   -0.032859   -0.036150
-1080.0003   -0.024160   -0.023351   -0.029772   -0.027305   -0.032672   -0.036937
-1072.5003   -0.024469   -0.023674   -0.029788   -0.027404   -0.031940   -0.037674
-1065.0003   -0.026253   -0.024665   -0.029632   -0.028137   -0.030867   -0.037548
-1057.5003   -0.028836   -0.026272   -0.029475   -0.029171   -0.030098   -0.036844
-1050.0003   -0.030977   -0.028001   -0.029320   -0.029583   -0.029808   -0.035750
-1042.5003   -0.032101   -0.028927   -0.029132   -0.028816   -0.029565   -0.034612
-1035.0003   -0.031982   -0.029049   -0.028953   -0.027203   -0.029055   -0.034362
-1027.5003   -0.031416   -0.029087   -0.028618   -0.025685   -0.028380   -0.035022
-1020.0003   -0.031456   -0.029454   -0.028022   -0.024704   -0.027788   -0.035743
-1012.5003   -0.031919   -0.029933   -0.027524   -0.024510   -0.027388   -0.035689
-1005.0003   -0.032007   -0.030147   -0.027419   -0.025244   -0.027040   -0.035059
 -997.5003   -0.031349   -0.030061   -0.027486   -0.026626   -0.026616   -0.034416
 -990.0003   -0.030781   -0.029812   -0.027920   -0.028321   -0.026356   -0.033935
 -982.5003   -0.031024   -0.029585   -0.028933   -0.029985   -0.026481   -0.033305
 -975.0003   -0.032085   -0.029246   -0.029796   -0.031011   -0.027296   -0.032383
 -967.5003   -0.033209   -0.028950   -0.029634   -0.031013   -0.028811   -0.031426
 -960.0003   -0.033910   -0.028902   -0.028439   -0.030357   -0.030313   -0.030867
 -952.5003   -0.034038   -0.029529   -0.027228   -0.029457   -0.031257   -0.031012
 -945.0003   -0.033490   -0.030985   -0.026881   -0.027860   -0.031700   -0.031204
 -937.5003   -0.032353   -0.032923   -0.027897   -0.025720   -0.031777   -0.030780
 -930.0002   -0.031201   -0.034476   -0.029724   -0.024595   -0.031266   -0.029979
 -922.5002   -0.031358   -0.035425   -0.031435   -0.025552   -0.030180   -0.029462
 -915.0002   -0.033179   -0.036376   -0.032422   -0.028047   -0.029207   -0.029616
 -907.5002   -0.035483   -0.037279   -0.032842   -0.030924   -0.029115   -0.030241
 -900.0002   -0.036813   -0.037744   -0.033224   -0.033407   -0.029924   -0.031096
 -892.5002   -0.036540   -0.037401   -0.034049   -0.034212   -0.030540   -0.031994
 -885.0002   -0.035322   -0.036029   -0.035116   -0.032890   -0.030459   -0.033182
 -877.5002   -0.034544   -0.034194   -0.035670   -0.030848   -0.029813   -0.034509
 -870.0002   -0.034785   -0.032564   -0.035103   -0.029718   -0.029452   -0.035780
 -862.5002   -0.035606   -0.031459   -0.033244   -0.029982   -0.029646   -0.036731
 -855.0002   -0.036065   -0.030775   -0.030643   -0.030918   -0.029755   -0.037216
 -847.5002   -0.035351   -0.030295   -0.028521   -0.031666   -0.029256   -0.037236
 -840.0002   -0.033476   -0.029651   -0.027456   -0.031379   -0.028201   -0.037304
 -832.5002   -0.030648   -0.028445   -0.026694   -0.029932   -0.027063   -0.037673
 -825.0002   -0.027227   -0.026304   -0.025532   -0.028299   -0.026038   -0.037758
 -817.5002   -0.023515   -0.023135   -0.024109   -0.027165   -0.025111   -0.036873
 -810.0002   -0.019999   -0.019726   -0.022993   -0.026564   -0.024207   -0.035199
 -802.5002   -0.018002   -0.017052   -0.022366   -0.026550   -0.023815   -0.033338
 -795.0002   -0.018408   -0.015445   -0.022188   -0.027403   -0.024200   -0.032051
 -787.5002   -0.020529   -0.014926   -0.021650   -0.028995   -0.025030   -0.031325
 -780.0002   -0.022296   -0.015389   -0.020338   -0.030735   -0.026131   -0.030853
 -772.5002   -0.022808   -0.016958   -0.018497   -0.032091   -0.027222   -0.030421
 -765.0002   -0.022820   -0.019019   -0.016917   -0.032485   -0.027830   -0.030055
 -757.5002   -0.023103   -0.020202   -0.016504   -0.031226   -0.027390   -0.029621
 -750.0002   -0.023195   -0.019767   -0.017194   -0.028585   -0.026167   -0.029024
 -742.5002   -0.022744   -0.018294   -0.018370   -0.025520   -0.024818   -0.028538
 -735.0002   -0.022283   -0.017165   -0.018958   -0.022671   -0.022809   -0.028403
 -727.5002   -0.021962   -0.017121   -0.018399   -0.019834   -0.020402   -0.028165
 -720.0002   -0.021081   -0.017468   -0.017389   -0.017133   -0.018310   -0.027279
 -712.5002   -0.019450   -0.017245   -0.016694   -0.014861   -0.016444   -0.026068
 -705.0002   -0.017696   -0.016060   -0.016307   -0.013076   -0.014890   -0.024717
 -697.5002   -0.016400   -0.014347   -0.015819   -0.011225   -0.013421   -0.023311
 -690.0002   -0.014879   -0.012837   -0.014622   -0.009249   -0.011594   -0.022069
 -682.5002   -0.012629   -0.011594   -0.012475   -0.007718   -0.009689   -0.021241
 -675.0002   -0.009781   -0.009503   -0.009973   -0.006958   -0.008027   -0.020009
 -667.5002   -0.006707   -0.005848   -0.007956   -0.006534   -0.006255   -0.017679
 -660.0002   -0.004046   -0.001475   -0.006690   -0.005276   -0.003417   -0.014469
 -652.5002   -0.002189    0.001944   -0.005888   -0.002060    0.000461   -0.011330
 -645.0002   -0.000599    0.003423   -0.004857    0.002060    0.003916   -0.008504
 -637.5002    0.001384    0.003711   -0.003212    0.004684    0.005288   -0.005863
 -630.0002    0.003460    0.004000   -0.000951    0.005334    0.004389   -0.003553
 -622.5002    0.004817    0.004901    0.001225    0.005717    0.002616   -0.001763
 -615.0002    0.005336    0.005975    0.002547    0.007240    0.001268   -0.000813
 -607.5002    0.005625    0.006429    0.003294    0.009910    0.000930   -0.000577
 -600.0002    0.006573    0.006411    0.004362    0.012668    0.001077   -0.000706
 -592.5002    0.008541    0.006703    0.006411    0.014415    0.001445   -0.000487
 -585.0002    0.010946    0.007766    0.008778    0.015217    0.002468    0.000145
 -577.5002    0.013003    0.009117    0.010220    0.015773    0.004878    0.001006
 -570.0002    0.013719    0.010223    0.009692    0.016391    0.008601    0.002131
 -562.5002    0.013389    0.011043    0.007776    0.017332    0.012671    0.003652
 -555.0001    0.013324    0.011980    0.005737    0.018625    0.016322    0.005789
 -547.5001    0.014401    0.013368    0.004101    0.019900    0.018792    0.008397
 -540.0001    0.015598    0.015293    0.003329    0.020710    0.019564    0.010965
 -532.5001    0.015506    0.017031    0.003505    0.020764    0.018429    0.012859
 -525.0001    0.014193    0.017271    0.004264    0.020042    0.016234    0.013248
 -517.5001    0.012842    0.015332    0.004973    0.018787    0.014258    0.011720
 -510.0001    0.012311    0.011620    0.005042    0.017328    0.013412    0.009334
 -502.5001    0.012211    0.007578    0.004761    0.016086    0.013590    0.007180
 -495.0001    0.012037    0.004614    0.005051    0.014935    0.013997    0.005865
 -487.5001    0.011258    0.003306    0.006315    0.013414    0.013773    0.004981
 -480.0001    0.010381    0.003385    0.007027    0.010812    0.012412    0.003478
 -472.5001    0.010184    0.004334    0.006533    0.007327    0.010391    0.001508
 -465.0001    0.010365    0.005191    0.005334    0.004307    0.008768   -0.000285
 -457.5001    0.010343    0.005265    0.004278    0.003391    0.008361   -0.001256
 -450.0001    0.010074    0.004668    0.003903    0.004995    0.008768   -0.001247
 -442.5001    0.010222    0.004033    0.004483    0.008198    0.009450   -0.000949
 -435.0001    0.011863    0.004061    0.006008    0.011746    0.009970   -0.000952
 -427.5001    0.015137    0.004570    0.007412    0.014893    0.009869   -0.001271
 -420.0001    0.018794    0.004977    0.007857    0.016861    0.008936   -0.001783
 -412.5001    0.021089    0.004897    0.007182    0.016912    0.007385   -0.002181
 -405.0001    0.020950    0.004495    0.006116    0.015329    0.005589   -0.002358
 -397.5001    0.018946    0.004277    0.005161    0.013347    0.004639   -0.002207
 -390.0001    0.016719    0.004183    0.004122    0.012284    0.005085   -0.001780
 -382.5001    0.015197    0.003878    0.003211    0.011978    0.006235   -0.000954
 -375.0001    0.014229    0.003516    0.002648    0.011565    0.006796    0.000141
 -367.5001    0.013620    0.003385    0.002537    0.010469    0.005967    0.001408
 -360.0001    0.012950    0.003569    0.002770    0.008561    0.003646    0.002051
 -352.5001    0.012033    0.003784    0.002885    0.006292    0.000764    0.001484
 -345.0001    0.011082    0.004120    0.002698    0.004162   -0.001088   -0.000090
 -337.5001    0.010576    0.004377    0.002454    0.002582   -0.001480   -0.001700
 -330.0001    0.010883    0.004261    0.002120    0.002143   -0.001121   -0.002601
 -322.5001    0.011763    0.003919    0.002001    0.002505   -0.000790   -0.002846
 -315.0001    0.012460    0.003681    0.002964    0.002771   -0.000577   -0.003217
 -307.5001    0.012532    0.003448    0.005332    0.002177   -0.000526   -0.004280
 -300.0001    0.012141    0.003685    0.008053    0.000867   -0.000286   -0.005762
 -292.5001    0.011618    0.005000    0.009641   -0.000245    0.000309   -0.007105
 -285.0001    0.011212    0.007226    0.009648   -0.000172    0.001521   -0.007381
 -277.5001    0.010705    0.009425    0.009012    0.001217    0.003415   -0.006075
 -270.0001    0.010207    0.010734    0.008867    0.003422    0.005585   -0.003486
 -262.5001    0.009844    0.011469    0.009776    0.005836    0.007481   -0.001309
 -255.0001    0.009613    0.012195    0.011504    0.007764    0.009069   -0.000457
 -247.5001    0.009456    0.012834    0.012946    0.008860    0.010446   -0.000489
 -240.0001    0.009284    0.013103    0.013124    0.009649    0.011153   -0.000158
 -232.5001    0.009740    0.012857    0.012386    0.010611    0.011028    0.000503
 -225.0001    0.011314    0.012610    0.011661    0.011740    0.010921    0.000923
 -217.5001    0.013492    0.013326    0.011768    0.012338    0.011463    0.001171
 -210.0001    0.015485    0.014847    0.012647    0.011830    0.012892    0.001591
 -202.5001    0.016559    0.016088    0.013949    0.010727    0.014962    0.002011
 -195.0001    0.016453    0.016454    0.015454    0.010008    0.016730    0.002180
 -187.5001    0.015677    0.016425    0.016208    0.010576    0.017386    0.002299
 -180.0000    0.015056    0.017029    0.015898    0.011887    0.017077    0.002936
 -172.5000    0.015008    0.018811    0.015602    0.013396    0.016589    0.004889
 -165.0000    0.015608    0.021179    0.016077    0.014782    0.016479    0.007871
 -157.5000    0.016451    0.023472    0.017170    0.015598    0.017286    0.010623
 -150.0000    0.017324    0.025208    0.018292    0.015966    0.019072    0.011736
 -142.5000    0.018532    0.026103    0.018960    0.016342    0.021223    0.011245
 -135.0000    0.021130    0.026454    0.019394    0.017055    0.023166    0.009951
 -127.5000    0.025039    0.027049    0.020455    0.017603    0.024551    0.008752
 -120.0000    0.029049    0.028232    0.022243    0.017466    0.025179    0.008176
 -112.5000    0.031488    0.029570    0.023464    0.016779    0.024726    0.008702
 -105.0000    0.032180    0.030463    0.023001    0.016572    0.023452    0.010179
  -97.5000    0.031895    0.030978    0.021561    0.017185    0.021960    0.012041
  -90.0000    0.031878    0.031479    0.021171    0.018144    0.020580    0.014075
  -82.5000    0.032576    0.032282    0.022954    0.019133    0.019902    0.016037
  -75.0000    0.034159    0.033584    0.026317    0.020536    0.020788    0.017599
  -67.5000    0.036928    0.035342    0.029728    0.022786    0.024063    0.018413
  -60.0000    0.041301    0.037444    0.031804    0.026777    0.030425    0.018578
  -52.5000    0.047370    0.039468    0.032424    0.034470    0.041095    0.018370
  -45.0000    0.055515    0.041089    0.032105    0.048289    0.056958    0.018141
  -37.5000    0.067333    0.043179    0.031437    0.067258    0.074965    0.018261
  -30.0000    0.083093    0.048447    0.031595    0.083739    0.087179    0.018796
  -22.5000    0.098323    0.059920    0.033406    0.088103    0.086321    0.020124
  -15.0000    0.105166    0.077245    0.036188    0.077003    0.072706    0.022551
   -7.5000    0.098751    0.093999    0.038971    0.056750    0.054157    0.026745
    0.0000    0.082282    0.100778    0.041718    0.038142    0.038989    0.034696
    7.5000    0.064851    0.093604    0.045909    0.027637    0.029967    0.048136
   15.0000    0.053405    0.077150    0.054848    0.024872    0.025445    0.066202
   22.5000    0.048270    0.060320    0.070672    0.026025    0.022651    0.082790
   30.0000    0.046374    0.048493    0.089717    0.027597    0.020773    0.089332
   37.5000    0.044674    0.041648    0.102091    0.028130    0.020478    0.081991
   45.0000    0.042551    0.037466    0.099848    0.027878    0.022011    0.065365
   52.5000    0.041094    0.034776    0.084577    0.027915    0.024613    0.047731
   60.0000    0.040967    0.033463    0.065614    0.028562    0.027424    0.034438
   67.5000    0.041442    0.033729    0.051502    0.029645    0.030015    0.026509
   75.0000    0.041692    0.035471    0.044368    0.030707    0.032253    0.022983
   82.5000    0.041616    0.038162    0.041006    0.031396    0.033562    0.022715
   90.0000    0.041723    0.040538    0.037935    0.032076    0.033390    0.023953
   97.5000    0.041621    0.041448    0.034699    0.033533    0.031996    0.025545
  105.0000    0.040815    0.041114    0.032188    0.036193    0.030817    0.027123
  112.5000    0.039596    0.040322    0.031069    0.038991    0.031058    0.028726
  120.0000    0.038408    0.039326    0.031168    0.040298    0.032458    0.030091
  127.5000    0.037512    0.038088    0.031831    0.039704    0.034344    0.030329
  135.0000    0.037259    0.036447    0.031723    0.037547    0.035963    0.028752
  142.5000    0.037720    0.034650    0.029837    0.034327    0.036479    0.026317
  150.0000    0.038619    0.032907    0.026715    0.030694    0.035561    0.024408
  157.5000    0.039107    0.031291    0.023867    0.026949    0.033361    0.023096
  165.0000    0.038347    0.029913    0.022784    0.023290    0.030491    0.021305
  172.5000    0.036222    0.028656    0.022724    0.019782    0.027170    0.018755
  180.0000    0.033463    0.027363    0.021991    0.016187    0.023818    0.016299
  187.5001    0.031104    0.025978    0.020260    0.013016    0.021490    0.014885
  195.0001    0.029548    0.024723    0.017986    0.011040    0.020805    0.014453
  202.5001    0.028812    0.023941    0.016253    0.010654    0.021596    0.014433
  210.0001    0.028726    0.023686    0.016135    0.011266    0.022834    0.014228
  217.5001    0.029251    0.023454    0.017325    0.011799    0.023534    0.014004
  225.0001    0.029830    0.022764    0.018498    0.011606    0.023180    0.014179
  232.5001    0.029484    0.021511    0.018574    0.010983    0.022020    0.014963
  240.0001    0.028604    0.019768    0.017288    0.010951    0.021649    0.016112
  247.5001    0.027853    0.017649    0.015695    0.012401    0.023209    0.017264
  255.0001    0.027355    0.015655    0.014683    0.014907    0.025362    0.018149
  262.5001    0.026433    0.014573    0.014424    0.016975    0.025768    0.018823
  270.0001    0.024470    0.014179    0.014243    0.017846    0.023624    0.019392
  277.5001    0.022385    0.014267    0.013753    0.017376    0.020560    0.019240
  285.0001    0.021212    0.015211    0.012912    0.016189    0.018321    0.018145
  292.5001    0.021111    0.016586    0.012199    0.015152    0.016991    0.016673
  300.0001    0.021178    0.017207    0.012574    0.014276    0.015806    0.015364
  307.5001    0.020201    0.016468    0.014284    0.012856    0.014233    0.013938
  315.0001    0.017775    0.015106    0.016679    0.010330    0.012624    0.012353
  322.5001    0.014858    0.013953    0.018401    0.006912    0.011501    0.010812
  330.0001    0.012520    0.012930    0.018649    0.003484    0.011273    0.009490
  337.5001    0.010953    0.011451    0.017583    0.000775    0.011571    0.008232
  345.0001    0.009491    0.008955    0.016109   -0.000183    0.012080    0.006833
  352.5001    0.007530    0.005865    0.014524    0.000533    0.012068    0.005083
  360.0001    0.005153    0.003090    0.012079    0.002035    0.010861    0.002956
  367.5001    0.003024    0.001448    0.008169    0.002744    0.008458    0.001296
  375.0001    0.001503    0.000935    0.003495    0.001763    0.005444    0.000952
  382.5001    0.000188    0.001017   -0.000123   -0.000500    0.002019    0.001727
  390.0001   -0.001381    0.001206   -0.001848   -0.002868   -0.001640    0.002344
  397.5001   -0.003075    0.001541   -0.002100   -0.004230   -0.004943    0.002277
  405.0001   -0.003821    0.001931   -0.001593   -0.004067   -0.007393    0.001914
  412.5001   -0.003240    0.002180   -0.000766   -0.002616   -0.008688    0.001529
  420.0001   -0.001396    0.002124   -0.000754   -0.000317   -0.008489    0.000973
  427.5001    0.000633    0.002207   -0.002012    0.002305   -0.006859    0.000095
  435.0001    0.001984    0.002562   -0.003674    0.005211   -0.004231   -0.001024
  442.5001    0.002663    0.002562   -0.004393    0.007711   -0.001068   -0.001907
  450.0001    0.003216    0.002115   -0.004212    0.008824    0.001737   -0.002021
  457.5001    0.004070    0.001602   -0.003992    0.007763    0.003563   -0.001031
  465.0001    0.004986    0.001570   -0.003506    0.005588    0.004247    0.001026
  472.5001    0.005590    0.001824   -0.002349    0.003804    0.004382    0.003353
  480.0001    0.006120    0.002064   -0.000487    0.003309    0.005105    0.005194
  487.5001    0.006661    0.002291    0.001406    0.003790    0.006196    0.006060
  495.0001    0.006832    0.002929    0.002452    0.003867    0.007071    0.005935
  502.5001    0.006135    0.003782    0.002471    0.002532    0.007370    0.005198
  510.0001    0.004461    0.004080    0.002297    0.000037    0.007084    0.004751
  517.5001    0.002439    0.003923    0.003209   -0.002120    0.006391    0.004625
  525.0001    0.001401    0.004226    0.005377   -0.002794    0.005731    0.004275
  532.5001    0.002511    0.005395    0.008256   -0.002157    0.005099    0.003728
  540.0001    0.005370    0.007102    0.010702   -0.001304    0.004431    0.003718
  547.5001    0.008576    0.008684    0.011980   -0.000289    0.004029    0.004306
  555.0001    0.010592    0.009687    0.012199    0.001376    0.004250    0.004827
  562.5002    0.010559    0.009848    0.011445    0.003904    0.004934    0.004802
  570.0002    0.008628    0.009066    0.010296    0.006539    0.005499    0.004866
  577.5002    0.006524    0.007766    0.009888    0.008846    0.005614    0.005995
  585.0002    0.006278    0.006977    0.010623    0.010857    0.005526    0.008183
  592.5002    0.007921    0.007538    0.011946    0.012572    0.005833    0.010646
  600.0002    0.009930    0.009403    0.013100    0.013609    0.007375    0.012490
  607.5002    0.010597    0.011280    0.013914    0.014091    0.009993    0.013307
  615.0002    0.010296    0.012062    0.013935    0.014384    0.012713    0.013228
  622.5002    0.010559    0.011911    0.013088    0.014775    0.014672    0.012853
  630.0002    0.011948    0.011413    0.012320    0.015749    0.015927    0.012687
  637.5002    0.013672    0.011065    0.011847    0.017019    0.016877    0.012453
  645.0002    0.014628    0.011097    0.011274    0.017654    0.017541    0.011684
  652.5002    0.014563    0.011213    0.010309    0.016678    0.017790    0.010977
  660.0002    0.013685    0.011060    0.009311    0.014785    0.017610    0.011159
  667.5002    0.012480    0.010470    0.008991    0.013268    0.016895    0.012501
  675.0002    0.011418    0.009608    0.009567    0.012884    0.015947    0.014345
  682.5002    0.011101    0.008905    0.010677    0.013365    0.014745    0.015718
  690.0002    0.011537    0.009156    0.011732    0.014014    0.013089    0.016058
  697.5002    0.011884    0.010398    0.012409    0.014897    0.011511    0.015576
  705.0002    0.012069    0.012264    0.012514    0.016227    0.010825    0.014851
  712.5002    0.012305    0.014379    0.012130    0.018166    0.012007    0.014247
  720.0002    0.012849    0.016270    0.011831    0.020706    0.014827    0.013753
  727.5002    0.013836    0.017493    0.011802    0.023182    0.017636    0.013326
  735.0002    0.014999    0.018214    0.011970    0.024957    0.018641    0.013404
  742.5002    0.016053    0.018845    0.012091    0.025960    0.017534    0.013878
  750.0002    0.016523    0.019571    0.012315    0.026324    0.015147    0.014933
  757.5002    0.016215    0.020153    0.013013    0.026053    0.012951    0.017113
  765.0002    0.015184    0.020581    0.014028    0.025282    0.012020    0.020403
  772.5002    0.013901    0.020571    0.015072    0.023973    0.012498    0.023399
  780.0002    0.012761    0.019811    0.016254    0.022849    0.013950    0.025235
  787.5002    0.012045    0.018322    0.017987    0.022746    0.016096    0.026292
  795.0002    0.012059    0.016275    0.020378    0.023953    0.018678    0.026997
  802.5002    0.013375    0.014338    0.022697    0.025706    0.021554    0.027362
  810.0002    0.015816    0.013197    0.023515    0.027304    0.023665    0.027191
  817.5002    0.018465    0.013208    0.022227    0.028341    0.023827    0.025748
  825.0002    0.019935    0.013776    0.019884    0.028458    0.022599    0.023174
  832.5002    0.019814    0.014052    0.017843    0.028555    0.021560    0.020361
  840.0002    0.018900    0.013714    0.016789    0.029663    0.021694    0.018756
  847.5002    0.018261    0.013275    0.016469    0.031767    0.022222    0.019024
  855.0002    0.018202    0.013486    0.016640    0.033064    0.022207    0.020693
  862.5002    0.018578    0.014722    0.017546    0.032204    0.021439    0.022504
  870.0002    0.019114    0.016530    0.019071    0.029830    0.020361    0.023289
  877.5002    0.019372    0.018132    0.020322    0.027376    0.019863    0.022305
  885.0002    0.019059    0.018934    0.020407    0.026048    0.020334    0.020203
  892.5002    0.018594    0.018651    0.019539    0.025952    0.021283    0.018547
  900.0002    0.018670    0.017330    0.018831    0.026366    0.022273    0.018649
  907.5002    0.019625    0.015722    0.019243    0.026997    0.022932    0.020440
  915.0002    0.021117    0.014357    0.020707    0.027110    0.023082    0.022458
  922.5002    0.023118    0.014050    0.022118    0.026532    0.022316    0.023077
  930.0002    0.024877    0.014946    0.022878    0.025503    0.020587    0.021690
  937.5003    0.025328    0.016668    0.023283    0.024203    0.018755    0.018778
  945.0003    0.024269    0.018323    0.023456    0.022822    0.017524    0.015590
  952.5003    0.023096    0.019577    0.023549    0.022160    0.017680    0.013360
  960.0003    0.022842    0.020114    0.023736    0.022544    0.019322    0.012693
  967.5003    0.023419    0.019549    0.024211    0.023803    0.021579    0.013873
  975.0003    0.023963    0.017868    0.025531    0.025147    0.022966    0.015989
  982.5003    0.023593    0.015984    0.027729    0.025356    0.023086    0.018060
  990.0003    0.022898    0.015075    0.030345    0.024383    0.022612    0.019054
  997.5003    0.022626    0.015844    0.032266    0.023024    0.022032    0.019013
 1005.0003    0.023413    0.017787    0.032994    0.022501    0.021404    0.018595
 1012.5003    0.025095    0.019325    0.032759    0.023022    0.021357    0.018447
 1020.0003    0.026647    0.019586    0.031784    0.024058    0.022432    0.019070
 1027.5003    0.027723    0.019433    0.030151    0.024995    0.024118    0.020543
 1035.0003    0.028689    0.020303    0.028343    0.026151    0.025601    0.022344
 1042.5003    0.029461    0.022451    0.027199    0.027964    0.026506    0.024119
 1050.0003    0.029699    0.024687    0.027064    0.029946    0.026981    0.026029
 1057.5003    0.029237    0.026283    0.027466    0.031168    0.027572    0.028307
 1065.0003    0.028572    0.026999    0.028199    0.031496    0.028534    0.030822
 1072.5003    0.028446    0.026663    0.029672    0.031324    0.029955    0.033107
 1080.0003    0.029045    0.025579    0.032069    0.031409    0.032010    0.034514
 1087.5003    0.030531    0.024778    0.034513    0.032014    0.034121    0.035325
 1095.0003    0.032784    0.025453    0.036146    0.032712    0.035397    0.035860
 1102.5003    0.035453    0.027872    0.037199    0.033101    0.035162    0.036037
 1110.0003    0.037588    0.031134    0.038163    0.032815    0.033804    0.035633
 1117.5003    0.038566    0.033892    0.038730    0.031958    0.032549    0.034838
 1125.0003    0.038306    0.035291    0.038623    0.030618    0.031670    0.034237
 1132.5003    0.037458    0.035129    0.038104    0.029040    0.031167    0.034219
 1140.0003    0.036409    0.033632    0.037675    0.027951    0.031034    0.034793
 1147.5003    0.034660    0.031463    0.037908    0.028139    0.031339    0.035794
 1155.0003    0.032176    0.029230    0.039300    0.029804    0.032184    0.037236
 1162.5003    0.030064    0.027581    0.041156    0.031871    0.033382    0.038911
 1170.0003    0.029519    0.027178    0.042431    0.033133    0.034378    0.040267
 1177.5003    0.030394    0.028423    0.042297    0.033056    0.034468    0.040834
 1185.0003    0.031885    0.030574    0.040958    0.031631    0.033374    0.040525
 1192.5003    0.033029    0.031892    0.039238    0.029336    0.031582    0.039387
 1200.0003    0.033379    0.031563    0.037911    0.027525    0.029236    0.037310
 1207.5003    0.032411    0.030167    0.037030    0.027324    0.026838    0.035252
 1215.0003    0.030596    0.029110    0.036568    0.028574    0.025059    0.034066
 1222.5003    0.028927    0.028969    0.035922    0.030396    0.024511    0.033509
 1230.0003    0.028465    0.029176    0.034528    0.032506    0.025245    0.033131
 1237.5003    0.029517    0.029225    0.032921    0.035223    0.027290    0.032931
 1245.0003    0.031614    0.029236    0.032561    0.038309    0.030680    0.033063
 1252.5003    0.033759    0.029620    0.033990    0.041149    0.035025    0.033601
 1260.0003    0.035130    0.029981    0.035704    0.043438    0.038682    0.034837
 1267.5003    0.035993    0.030116    0.036745    0.044695    0.040454    0.036626
 1275.0003    0.036464    0.030473    0.036932    0.044684    0.040313    0.038870
 1282.5003    0.036573    0.031458    0.036488    0.043921    0.039104    0.041494
 1290.0003    0.036351    0.032695    0.035697    0.043669    0.037974    0.043806
 1297.5003    0.036060    0.033502    0.035149    0.044594    0.037931    0.044477
 1305.0004    0.036353    0.033386    0.034999    0.046286    0.038674    0.043242
 1312.5004    0.037437    0.032736    0.035621    0.047341    0.039104    0.041314
 1320.0004    0.038615    0.032118    0.036618    0.046567    0.038557    0.040269
 1327.5004    0.039185    0.031926    0.037536    0.044527    0.037594    0.040449
 1335.0004    0.038948    0.032094    0.038031    0.042871    0.037110    0.041529
 1342.5004    0.038151    0.032197    0.038515    0.042243    0.037489    0.042433
 1350.0004    0.037258    0.032123    0.039540    0.042597    0.038146    0.042808
 1357.5004    0.036716    0.032048    0.040665    0.043336    0.038770    0.043034
 1365.0004    0.036899    0.032023    0.041006    0.044235    0.039006    0.043787
 1372.5004    0.037673    0.031898    0.040253    0.045027    0.038203    0.044870
 1380.0004    0.037811    0.031884    0.038975    0.045452    0.036812    0.045763
 1387.5004    0.036348    0.031539    0.038098    0.045108    0.035681    0.045917
 1395.0004    0.033856    0.030490    0.037773    0.043919    0.035150    0.045304
 1402.5004    0.032270    0.028934    0.037444    0.042595    0.035428    0.044026
 1410.0004    0.032431    0.027415    0.036356    0.041675    0.036187    0.042842
 1417.5004    0.033634    0.026146    0.034909    0.041055    0.036758    0.042730
 1425.0004    0.034173    0.025160    0.034010    0.040265    0.036689    0.043369
 1432.5004    0.033205    0.024292    0.033782    0.038922    0.035880    0.044036
 1440.0004    0.031189    0.023661    0.033120    0.037072    0.034417    0.043876
 1447.5004    0.029115    0.023526    0.031095    0.035008    0.032377    0.042864
 1455.0004    0.027077    0.023976    0.027677    0.032782    0.029869    0.040995
 1462.5004    0.025163    0.024219    0.024234    0.030608    0.027150    0.038079
 1470.0004    0.023722    0.023678    0.021952    0.028238    0.025054    0.034006
 1477.5004    0.023072    0.022787    0.020756    0.026120    0.024560    0.030011
 1485.0004    0.023019    0.022149    0.019982    0.024577    0.026097    0.027050
 1492.5004    0.022995    0.021926    0.019175    0.024221    0.028999    0.025464
 1500.0004    0.023000    0.021720    0.018168    0.025315    0.031611    0.024721
