HD157832     -14.0290      25.6490      66.6229     -38.4258      74.4325
      18.5872
HD157832      7.84414      5.09557      6.60681      3.74451      6.56225
      4.64271
-1500.0004   -0.027845   -0.034710   -0.045458   -0.023440   -0.034530   -0.025010
-1492.5004   -0.029454   -0.035872   -0.045725   -0.024024   -0.035288   -0.026519
-1485.0004   -0.030654   -0.037631   -0.046561   -0.024055   -0.036569   -0.028434
-1477.5004   -0.030831   -0.039385   -0.047840   -0.023771   -0.038346   -0.030915
-1470.0004   -0.030364   -0.040411   -0.049186   -0.023677   -0.040076   -0.033424
-1462.5004   -0.029858   -0.040690   -0.050438   -0.023823   -0.041865   -0.035364
-1455.0004   -0.029943   -0.040600   -0.051657   -0.024426   -0.043953   -0.036447
-1447.5004   -0.030520   -0.040637   -0.052927   -0.025252   -0.046502   -0.036806
-1440.0004   -0.031223   -0.040870   -0.054303   -0.025880   -0.049417   -0.036820
-1432.5004   -0.031705   -0.040888   -0.055571   -0.026487   -0.052155   -0.036606
-1425.0004   -0.031775   -0.040365   -0.056332   -0.027277   -0.054338   -0.036355
-1417.5004   -0.031368   -0.039570   -0.056651   -0.027816   -0.056027   -0.035747
-1410.0004   -0.030560   -0.039288   -0.056809   -0.027850   -0.057199   -0.034853
-1402.5004   -0.029723   -0.039795   -0.057067   -0.027664   -0.058002   -0.034258
-1395.0004   -0.029192   -0.041073   -0.057607   -0.027815   -0.058475   -0.034262
-1387.5004   -0.029029   -0.042784   -0.058247   -0.028220   -0.058299   -0.034704
-1380.0004   -0.029293   -0.043964   -0.058844   -0.028374   -0.057497   -0.035385
-1372.5004   -0.029858   -0.044236   -0.059102   -0.028034   -0.056212   -0.036170
-1365.0004   -0.030339   -0.043978   -0.059025   -0.027485   -0.054786   -0.036753
-1357.5004   -0.030518   -0.043641   -0.058981   -0.027188   -0.053195   -0.036877
-1350.0004   -0.030532   -0.043724   -0.059653   -0.027476   -0.051785   -0.036608
-1342.5004   -0.030542   -0.044510   -0.061197   -0.028267   -0.051500   -0.036529
-1335.0004   -0.031288   -0.045942   -0.063146   -0.029127   -0.052799   -0.037224
-1327.5004   -0.033031   -0.047850   -0.065335   -0.029468   -0.055245   -0.038524
-1320.0004   -0.035002   -0.049933   -0.067606   -0.029493   -0.057573   -0.040256
-1312.5004   -0.036243   -0.051585   -0.069743   -0.029474   -0.058679   -0.042135
-1305.0004   -0.036652   -0.052523   -0.071394   -0.029057   -0.058655   -0.043804
-1297.5003   -0.036951   -0.052569   -0.072370   -0.027877   -0.058353   -0.044905
-1290.0003   -0.037956   -0.051938   -0.072686   -0.026473   -0.058124   -0.045288
-1282.5003   -0.039646   -0.050879   -0.072496   -0.025663   -0.057805   -0.045137
-1275.0003   -0.041578   -0.049512   -0.072154   -0.025860   -0.057436   -0.044725
-1267.5003   -0.043240   -0.047769   -0.072052   -0.026288   -0.057028   -0.044279
-1260.0003   -0.044300   -0.045995   -0.072358   -0.026307   -0.056528   -0.043742
-1252.5003   -0.044764   -0.044689   -0.072905   -0.025971   -0.055966   -0.043207
-1245.0003   -0.044740   -0.044159   -0.073085   -0.025449   -0.055170   -0.042744
-1237.5003   -0.044268   -0.044371   -0.072755   -0.024897   -0.054587   -0.042609
-1230.0003   -0.043800   -0.044679   -0.072207   -0.024274   -0.054529   -0.042662
-1222.5003   -0.043645   -0.044721   -0.071788   -0.023938   -0.055006   -0.042906
-1215.0003   -0.043445   -0.044520   -0.071609   -0.024246   -0.055575   -0.043527
-1207.5003   -0.043235   -0.044203   -0.071619   -0.025045   -0.056120   -0.044659
-1200.0003   -0.042769   -0.043917   -0.071787   -0.025896   -0.056862   -0.045863
-1192.5003   -0.042306   -0.043793   -0.071869   -0.026635   -0.057663   -0.046830
-1185.0003   -0.041875   -0.044044   -0.071597   -0.027389   -0.058198   -0.047369
-1177.5003   -0.041274   -0.044728   -0.070807   -0.028419   -0.058323   -0.047509
-1170.0003   -0.040467   -0.045195   -0.069787   -0.029937   -0.058085   -0.047573
-1162.5003   -0.039467   -0.045093   -0.068577   -0.031699   -0.057641   -0.047665
-1155.0003   -0.038391   -0.044249   -0.067149   -0.033022   -0.057443   -0.047494
-1147.5003   -0.037454   -0.043084   -0.065666   -0.033755   -0.057532   -0.046918
-1140.0003   -0.036817   -0.042035   -0.064574   -0.034126   -0.057601   -0.046049
-1132.5003   -0.036126   -0.041564   -0.064000   -0.034325   -0.057462   -0.045332
-1125.0003   -0.035402   -0.041740   -0.063887   -0.034383   -0.057412   -0.044930
-1117.5003   -0.034874   -0.042344   -0.064070   -0.034366   -0.057934   -0.044606
-1110.0003   -0.034931   -0.043418   -0.064591   -0.034011   -0.058647   -0.044242
-1102.5003   -0.035863   -0.044967   -0.065376   -0.033369   -0.059036   -0.043984
-1095.0003   -0.037168   -0.046934   -0.066079   -0.032875   -0.058868   -0.043855
-1087.5003   -0.038407   -0.048854   -0.066759   -0.033359   -0.058357   -0.043560
-1080.0003   -0.039220   -0.050234   -0.067480   -0.034740   -0.057637   -0.042866
-1072.5003   -0.039642   -0.050774   -0.067936   -0.036119   -0.057058   -0.041861
-1065.0003   -0.040107   -0.050559   -0.068071   -0.037088   -0.057079   -0.040917
-1057.5003   -0.040994   -0.050119   -0.068079   -0.037549   -0.057441   -0.040540
-1050.0003   -0.042098   -0.049740   -0.068381   -0.037745   -0.057766   -0.040700
-1042.5003   -0.043074   -0.049799   -0.069097   -0.038286   -0.057727   -0.041182
-1035.0003   -0.043433   -0.050351   -0.070114   -0.039287   -0.057467   -0.041758
-1027.5003   -0.043236   -0.051358   -0.071304   -0.040352   -0.057025   -0.042511
-1020.0003   -0.042801   -0.052524   -0.072445   -0.040957   -0.056322   -0.043500
-1012.5003   -0.042382   -0.053284   -0.073343   -0.040988   -0.055361   -0.044509
-1005.0003   -0.042245   -0.053501   -0.073909   -0.040929   -0.054312   -0.045272
 -997.5003   -0.042327   -0.053199   -0.074133   -0.040877   -0.053357   -0.045796
 -990.0003   -0.042332   -0.052415   -0.074335   -0.040770   -0.053074   -0.046176
 -982.5003   -0.042482   -0.051204   -0.074626   -0.040286   -0.053289   -0.046373
 -975.0003   -0.042680   -0.049868   -0.075060   -0.039311   -0.053893   -0.046553
 -967.5003   -0.042775   -0.049026   -0.075668   -0.038035   -0.054565   -0.047026
 -960.0003   -0.042570   -0.049042   -0.076242   -0.037199   -0.055470   -0.047636
 -952.5003   -0.042356   -0.049877   -0.076661   -0.037318   -0.056571   -0.048390
 -945.0003   -0.042545   -0.051081   -0.076651   -0.038284   -0.057696   -0.048985
 -937.5003   -0.043298   -0.052224   -0.076296   -0.039735   -0.058726   -0.049297
 -930.0002   -0.044680   -0.053174   -0.075696   -0.041056   -0.059735   -0.049419
 -922.5002   -0.045770   -0.053932   -0.075160   -0.041967   -0.060249   -0.049835
 -915.0002   -0.046130   -0.054376   -0.074847   -0.042357   -0.060293   -0.050714
 -907.5002   -0.045764   -0.054085   -0.074512   -0.042246   -0.060262   -0.051975
 -900.0002   -0.045192   -0.053129   -0.074049   -0.041572   -0.060198   -0.053420
 -892.5002   -0.044830   -0.051703   -0.073696   -0.040786   -0.059959   -0.054843
 -885.0002   -0.044915   -0.050308   -0.073649   -0.040481   -0.059730   -0.055930
 -877.5002   -0.045689   -0.049715   -0.073948   -0.041108   -0.059880   -0.056571
 -870.0002   -0.046723   -0.050171   -0.074328   -0.042383   -0.060441   -0.056657
 -862.5002   -0.047374   -0.051360   -0.074269   -0.043428   -0.061106   -0.056283
 -855.0002   -0.047662   -0.052781   -0.073813   -0.043704   -0.061362   -0.055695
 -847.5002   -0.048011   -0.053941   -0.073428   -0.043557   -0.061007   -0.055033
 -840.0002   -0.048157   -0.054367   -0.073292   -0.043369   -0.060353   -0.054305
 -832.5002   -0.047673   -0.054023   -0.073337   -0.043065   -0.059861   -0.053734
 -825.0002   -0.046606   -0.053489   -0.073414   -0.042277   -0.059476   -0.053829
 -817.5002   -0.045413   -0.053289   -0.073653   -0.041317   -0.058975   -0.054645
 -810.0002   -0.044884   -0.053438   -0.074061   -0.040538   -0.058430   -0.055825
 -802.5002   -0.045365   -0.053628   -0.074148   -0.040114   -0.057949   -0.056849
 -795.0002   -0.046422   -0.053817   -0.073553   -0.040397   -0.057528   -0.057400
 -787.5002   -0.047789   -0.054323   -0.072415   -0.041133   -0.057242   -0.057829
 -780.0002   -0.049213   -0.055263   -0.071222   -0.042124   -0.057052   -0.058422
 -772.5002   -0.050148   -0.056266   -0.070445   -0.042600   -0.057110   -0.058935
 -765.0002   -0.050371   -0.056942   -0.070236   -0.042546   -0.057326   -0.058615
 -757.5002   -0.049827   -0.057253   -0.070623   -0.042149   -0.057745   -0.057736
 -750.0002   -0.048918   -0.057452   -0.071210   -0.041913   -0.058267   -0.056890
 -742.5002   -0.047866   -0.057613   -0.071369   -0.041990   -0.058803   -0.056248
 -735.0002   -0.046985   -0.057487   -0.070617   -0.042291   -0.059178   -0.055529
 -727.5002   -0.046001   -0.056906   -0.068796   -0.042607   -0.059513   -0.054652
 -720.0002   -0.044992   -0.055908   -0.066499   -0.042846   -0.059805   -0.053531
 -712.5002   -0.044022   -0.054720   -0.064540   -0.042875   -0.059672   -0.052088
 -705.0002   -0.042861   -0.053372   -0.063354   -0.042774   -0.058701   -0.050339
 -697.5002   -0.041303   -0.051933   -0.063018   -0.042678   -0.056538   -0.048818
 -690.0002   -0.039432   -0.050154   -0.062932   -0.042578   -0.053610   -0.047788
 -682.5002   -0.037262   -0.048098   -0.062468   -0.042262   -0.050579   -0.047430
 -675.0002   -0.035187   -0.046046   -0.061555   -0.041732   -0.047692   -0.047296
 -667.5002   -0.033437   -0.044642   -0.060853   -0.041234   -0.045338   -0.046748
 -660.0002   -0.032096   -0.043956   -0.060871   -0.040633   -0.043829   -0.045470
 -652.5002   -0.030714   -0.043625   -0.061306   -0.039327   -0.043024   -0.043458
 -645.0002   -0.029045   -0.043179   -0.061213   -0.036826   -0.042371   -0.040995
 -637.5002   -0.027090   -0.042390   -0.060150   -0.033494   -0.041671   -0.038346
 -630.0002   -0.024910   -0.041358   -0.058407   -0.030344   -0.040842   -0.035973
 -622.5002   -0.022629   -0.040286   -0.056305   -0.027752   -0.040031   -0.034288
 -615.0002   -0.020335   -0.039289   -0.054285   -0.025583   -0.039349   -0.033346
 -607.5002   -0.018473   -0.038294   -0.052431   -0.023950   -0.038810   -0.033023
 -600.0002   -0.017011   -0.036892   -0.050776   -0.022772   -0.038401   -0.033053
 -592.5002   -0.016133   -0.035077   -0.049097   -0.021624   -0.037980   -0.033012
 -585.0002   -0.015637   -0.032930   -0.047359   -0.020195   -0.037451   -0.032616
 -577.5002   -0.015245   -0.030999   -0.046047   -0.018842   -0.036513   -0.031830
 -570.0002   -0.015087   -0.029742   -0.045650   -0.017730   -0.035284   -0.031087
 -562.5002   -0.015360   -0.029218   -0.046265   -0.017561   -0.033947   -0.030336
 -555.0001   -0.016048   -0.028992   -0.047401   -0.018347   -0.033024   -0.029152
 -547.5001   -0.016714   -0.028609   -0.048489   -0.019389   -0.032789   -0.027763
 -540.0001   -0.016986   -0.027796   -0.048938   -0.019884   -0.033218   -0.026708
 -532.5001   -0.016758   -0.026521   -0.048840   -0.019795   -0.033787   -0.026376
 -525.0001   -0.016523   -0.025065   -0.048587   -0.019676   -0.034125   -0.026402
 -517.5001   -0.016629   -0.023390   -0.048244   -0.019667   -0.033421   -0.025859
 -510.0001   -0.016597   -0.021364   -0.047282   -0.019512   -0.031570   -0.024430
 -502.5001   -0.016104   -0.019020   -0.045437   -0.018866   -0.029144   -0.022503
 -495.0001   -0.015364   -0.016555   -0.043078   -0.017563   -0.027130   -0.020674
 -487.5001   -0.014522   -0.014470   -0.040759   -0.016061   -0.026121   -0.019679
 -480.0001   -0.013306   -0.012979   -0.038699   -0.014929   -0.025624   -0.019345
 -472.5001   -0.012088   -0.012063   -0.037091   -0.014645   -0.025152   -0.019131
 -465.0001   -0.011032   -0.011832   -0.035952   -0.014782   -0.024666   -0.018899
 -457.5001   -0.010058   -0.011951   -0.034982   -0.014433   -0.023905   -0.018688
 -450.0001   -0.008675   -0.011661   -0.033637   -0.012720   -0.022853   -0.018564
 -442.5001   -0.006795   -0.010748   -0.031590   -0.009787   -0.021950   -0.018583
 -435.0001   -0.004951   -0.009553   -0.029132   -0.006907   -0.021143   -0.018917
 -427.5001   -0.003810   -0.008384   -0.027209   -0.005290   -0.020623   -0.019321
 -420.0001   -0.003691   -0.007536   -0.026273   -0.005139   -0.020728   -0.019730
 -412.5001   -0.004254   -0.007509   -0.026173   -0.005891   -0.021582   -0.020369
 -405.0001   -0.004930   -0.008620   -0.026392   -0.006822   -0.022458   -0.021397
 -397.5001   -0.004895   -0.010409   -0.026583   -0.007671   -0.022509   -0.022243
 -390.0001   -0.003845   -0.011650   -0.026287   -0.008216   -0.021636   -0.022564
 -382.5001   -0.002122   -0.011803   -0.025551   -0.008081   -0.020502   -0.022410
 -375.0001   -0.000418   -0.010872   -0.024712   -0.007725   -0.019855   -0.021575
 -367.5001    0.000756   -0.009359   -0.024187   -0.007757   -0.019939   -0.020086
 -360.0001    0.001746   -0.008006   -0.024007   -0.008274   -0.020601   -0.018405
 -352.5001    0.002701   -0.007179   -0.023761   -0.008475   -0.021441   -0.016977
 -345.0001    0.003311   -0.006631   -0.023023   -0.007997   -0.021972   -0.015917
 -337.5001    0.003765   -0.006007   -0.021635   -0.007125   -0.021419   -0.015242
 -330.0001    0.004473   -0.005099   -0.019899   -0.006370   -0.019934   -0.014986
 -322.5001    0.005225   -0.003729   -0.018047   -0.005826   -0.018019   -0.014753
 -315.0001    0.005631   -0.001975   -0.015853   -0.005690   -0.016205   -0.013998
 -307.5001    0.005788   -0.000185   -0.013483   -0.006018   -0.014533   -0.012467
 -300.0001    0.006199    0.001219   -0.011389   -0.006357   -0.012907   -0.010205
 -292.5001    0.006805    0.002167   -0.010090   -0.006096   -0.011360   -0.007601
 -285.0001    0.007842    0.002946   -0.009446   -0.004516   -0.010218   -0.005235
 -277.5001    0.009211    0.003957   -0.008798   -0.001550   -0.009529   -0.003156
 -270.0001    0.011051    0.005263   -0.007422    0.002637   -0.008983   -0.001029
 -262.5001    0.013145    0.006446   -0.005470    0.007239   -0.008504    0.001237
 -255.0001    0.015279    0.007154   -0.003496    0.011468   -0.008138    0.003093
 -247.5001    0.017472    0.007359   -0.001824    0.014990   -0.007565    0.004327
 -240.0001    0.019996    0.007632   -0.000237    0.017967   -0.006590    0.005275
 -232.5001    0.022984    0.008732    0.001651    0.020299   -0.004951    0.006404
 -225.0001    0.026513    0.011160    0.004138    0.021920   -0.002487    0.007711
 -217.5001    0.030315    0.014825    0.007124    0.023304    0.000785    0.009368
 -210.0001    0.033970    0.019341    0.010358    0.025339    0.004645    0.011493
 -202.5001    0.037216    0.024134    0.013584    0.028738    0.008684    0.014131
 -195.0001    0.039932    0.028777    0.017056    0.033275    0.012605    0.017361
 -187.5001    0.042349    0.033079    0.020906    0.037943    0.016520    0.020805
 -180.0000    0.044900    0.037018    0.025191    0.042009    0.021085    0.024213
 -172.5000    0.047865    0.040978    0.029487    0.045619    0.026746    0.027769
 -165.0000    0.051465    0.045456    0.033090    0.049075    0.032972    0.031956
 -157.5000    0.055309    0.050531    0.035932    0.052319    0.039100    0.037057
 -150.0000    0.059224    0.055910    0.038657    0.055097    0.044942    0.043162
 -142.5000    0.063619    0.060876    0.041789    0.057250    0.050269    0.050074
 -135.0000    0.069254    0.065248    0.045541    0.059394    0.054923    0.057286
 -127.5000    0.076192    0.069141    0.049291    0.062559    0.058966    0.064144
 -120.0000    0.083869    0.073009    0.052388    0.067304    0.062592    0.070272
 -112.5000    0.090988    0.077022    0.054637    0.073091    0.066087    0.075052
 -105.0000    0.096527    0.081218    0.056463    0.079095    0.069746    0.078292
  -97.5000    0.100328    0.085401    0.058535    0.084482    0.073921    0.080620
  -90.0000    0.103248    0.089628    0.061594    0.089429    0.078818    0.083298
  -82.5000    0.106446    0.094129    0.065875    0.094795    0.084007    0.086967
  -75.0000    0.110288    0.099208    0.070947    0.101192    0.089482    0.091049
  -67.5000    0.114524    0.104277    0.076057    0.108317    0.095267    0.094325
  -60.0000    0.118496    0.108729    0.080074    0.115217    0.100509    0.096310
  -52.5000    0.121634    0.112708    0.082304    0.120887    0.104078    0.097270
  -45.0000    0.123634    0.116739    0.083240    0.124852    0.105952    0.098341
  -37.5000    0.124887    0.121038    0.083944    0.126410    0.106650    0.100384
  -30.0000    0.125906    0.125316    0.085225    0.124476    0.106705    0.103836
  -22.5000    0.126835    0.129320    0.087144    0.119123    0.106676    0.108931
  -15.0000    0.127496    0.133214    0.089396    0.112392    0.107130    0.115548
   -7.5000    0.127277    0.137076    0.091418    0.106460    0.108041    0.122887
    0.0000    0.126147    0.140752    0.092523    0.102198    0.108547    0.129416
    7.5000    0.124157    0.144225    0.093500    0.099454    0.108336    0.133643
   15.0000    0.122048    0.147036    0.094484    0.097515    0.107918    0.135250
   22.5000    0.120407    0.148414    0.095660    0.096372    0.107574    0.134855
   30.0000    0.120035    0.148120    0.097186    0.095923    0.107692    0.133386
   37.5000    0.120777    0.146714    0.099237    0.095579    0.108164    0.130654
   45.0000    0.121393    0.144967    0.101597    0.094651    0.108935    0.126621
   52.5000    0.121815    0.143289    0.103847    0.092865    0.109904    0.122021
   60.0000    0.122423    0.141858    0.105445    0.090571    0.111067    0.117689
   67.5000    0.123455    0.140024    0.106000    0.088349    0.112318    0.113793
   75.0000    0.124496    0.137221    0.105241    0.086316    0.113117    0.109676
   82.5000    0.125066    0.133436    0.103238    0.084510    0.112617    0.105210
   90.0000    0.124787    0.128805    0.100436    0.083235    0.110481    0.100448
   97.5000    0.123688    0.123507    0.097153    0.082720    0.106370    0.095603
  105.0000    0.122164    0.117851    0.093719    0.083143    0.100835    0.090796
  112.5000    0.120899    0.112774    0.091030    0.084123    0.094842    0.086237
  120.0000    0.119773    0.108995    0.089730    0.085158    0.089602    0.082697
  127.5000    0.118452    0.106091    0.089403    0.085623    0.085689    0.080164
  135.0000    0.116560    0.103411    0.089453    0.084742    0.083143    0.077893
  142.5000    0.114133    0.100560    0.089513    0.081931    0.081143    0.075773
  150.0000    0.111331    0.097066    0.088977    0.077479    0.078959    0.073776
  157.5000    0.108228    0.093373    0.086978    0.072179    0.076361    0.071816
  165.0000    0.104705    0.089864    0.082934    0.067281    0.073215    0.069832
  172.5000    0.100567    0.086982    0.077121    0.063334    0.069538    0.067525
  180.0000    0.095922    0.084805    0.070408    0.060256    0.065414    0.064824
  187.5001    0.091204    0.082820    0.063766    0.057193    0.061212    0.062166
  195.0001    0.087018    0.080430    0.057806    0.053858    0.056737    0.059765
  202.5001    0.083484    0.077292    0.053048    0.050350    0.051723    0.057466
  210.0001    0.080166    0.073728    0.049267    0.047156    0.046638    0.054708
  217.5001    0.076784    0.070248    0.045931    0.043944    0.041987    0.051339
  225.0001    0.073310    0.067261    0.042719    0.040628    0.038489    0.047515
  232.5001    0.069425    0.064829    0.039797    0.037426    0.036463    0.043634
  240.0001    0.065380    0.062725    0.037430    0.034366    0.035883    0.040069
  247.5001    0.061384    0.060558    0.035652    0.031283    0.036252    0.036799
  255.0001    0.057567    0.058293    0.034129    0.028298    0.036646    0.033791
  262.5001    0.054140    0.056398    0.032305    0.025510    0.036086    0.031478
  270.0001    0.051077    0.055048    0.030435    0.023514    0.034483    0.030154
  277.5001    0.048805    0.054280    0.028888    0.022447    0.032659    0.029598
  285.0001    0.047440    0.053513    0.027986    0.022174    0.031386    0.029195
  292.5001    0.046463    0.052309    0.027532    0.022286    0.030776    0.028409
  300.0001    0.044995    0.050488    0.027185    0.022348    0.030674    0.027005
  307.5001    0.043034    0.047925    0.026817    0.022048    0.030794    0.024717
  315.0001    0.041122    0.044904    0.025881    0.021683    0.030955    0.022363
  322.5001    0.039325    0.041560    0.024092    0.021117    0.030775    0.020422
  330.0001    0.037857    0.038091    0.021606    0.020353    0.030112    0.018750
  337.5001    0.036580    0.034980    0.019062    0.019316    0.028822    0.017592
  345.0001    0.035261    0.032714    0.016948    0.017942    0.026751    0.016945
  352.5001    0.033824    0.031322    0.015525    0.016353    0.024590    0.016641
  360.0001    0.032501    0.030811    0.014707    0.014714    0.023213    0.016262
  367.5001    0.031641    0.030876    0.014316    0.013182    0.022717    0.015776
  375.0001    0.031369    0.031156    0.013958    0.011876    0.022403    0.015170
  382.5001    0.031325    0.031202    0.013462    0.010953    0.021753    0.014492
  390.0001    0.031137    0.031212    0.013193    0.010035    0.020901    0.013990
  397.5001    0.030358    0.031294    0.013109    0.008851    0.020382    0.013413
  405.0001    0.028963    0.031366    0.012849    0.007570    0.020071    0.012641
  412.5001    0.027095    0.031156    0.012475    0.006575    0.019586    0.011413
  420.0001    0.024850    0.030663    0.011923    0.005663    0.018641    0.009394
  427.5001    0.022205    0.029810    0.011072    0.004456    0.017235    0.006833
  435.0001    0.019256    0.028588    0.009872    0.002684    0.015498    0.004245
  442.5001    0.016186    0.026865    0.008592    0.000857    0.013554    0.002389
  450.0001    0.013391    0.024691    0.007471   -0.000455    0.011653    0.001404
  457.5001    0.011576    0.022386    0.006784   -0.001218    0.009912    0.001008
  465.0001    0.011129    0.020770    0.006668   -0.001547    0.008587    0.000631
  472.5001    0.011626    0.020134    0.007055   -0.001380    0.007780    0.000525
  480.0001    0.012165    0.020051    0.007657   -0.001009    0.007484    0.000944
  487.5001    0.012100    0.019624    0.008014   -0.000899    0.007591    0.001538
  495.0001    0.011427    0.018220    0.007702   -0.001296    0.007956    0.001346
  502.5001    0.010490    0.016174    0.006839   -0.002214    0.008551    0.000253
  510.0001    0.009598    0.013987    0.005849   -0.003598    0.009778   -0.000903
  517.5001    0.009073    0.011967    0.005001   -0.005615    0.011329   -0.001579
  525.0001    0.008955    0.010115    0.004151   -0.007939    0.012750   -0.001910
  532.5001    0.008424    0.008459    0.002942   -0.010201    0.013344   -0.002592
  540.0001    0.006814    0.006973    0.001681   -0.011789    0.012483   -0.004095
  547.5001    0.004457    0.005601    0.001075   -0.012463    0.010368   -0.006046
  555.0001    0.001960    0.004448    0.001236   -0.012158    0.007670   -0.007858
  562.5002   -0.000042    0.003763    0.001668   -0.011649    0.004913   -0.009022
  570.0002   -0.000641    0.003798    0.001989   -0.011352    0.002543   -0.009329
  577.5002    0.000572    0.004670    0.002075   -0.011062    0.001053   -0.008672
  585.0002    0.002578    0.005964    0.002024   -0.010789    0.000748   -0.007450
  592.5002    0.004037    0.006834    0.001658   -0.010820    0.001342   -0.006099
  600.0002    0.004142    0.007041    0.001737   -0.011514    0.002039   -0.005045
  607.5002    0.003102    0.006939    0.002578   -0.012664    0.002294   -0.003968
  615.0002    0.001894    0.006849    0.003549   -0.013725    0.002069   -0.002459
  622.5002    0.001296    0.007156    0.004048   -0.014195    0.001918   -0.000811
  630.0002    0.001625    0.007468    0.003898   -0.014227    0.001987    0.000753
  637.5002    0.002103    0.007484    0.003726   -0.013952    0.002290    0.001257
  645.0002    0.002409    0.007233    0.004155   -0.013490    0.002945    0.000277
  652.5002    0.002843    0.006564    0.005183   -0.012468    0.004063   -0.001725
  660.0002    0.003565    0.005639    0.006436   -0.010936    0.005511   -0.003913
  667.5002    0.004702    0.004848    0.007824   -0.009226    0.006949   -0.005663
  675.0002    0.005917    0.004434    0.009356   -0.007646    0.008051   -0.006822
  682.5002    0.006758    0.004643    0.010923   -0.006470    0.009104   -0.007384
  690.0002    0.007223    0.005436    0.012395   -0.005596    0.010443   -0.007061
  697.5002    0.007927    0.006481    0.013749   -0.004780    0.011859   -0.005596
  705.0002    0.009001    0.007222    0.014851   -0.003669    0.012730   -0.003671
  712.5002    0.010414    0.007670    0.015485   -0.001914    0.012455   -0.002049
  720.0002    0.011900    0.008156    0.015629    0.000352    0.011380   -0.000955
  727.5002    0.013098    0.008998    0.015523    0.002494    0.010271   -0.000294
  735.0002    0.013605    0.009955    0.015648    0.003846    0.009797    0.000156
  742.5002    0.013544    0.010832    0.016157    0.004209    0.010265    0.000577
  750.0002    0.012869    0.011612    0.016895    0.004146    0.011785    0.001461
  757.5002    0.011866    0.012349    0.017714    0.003810    0.013663    0.003041
  765.0002    0.011144    0.013186    0.018359    0.003042    0.015646    0.004906
  772.5002    0.010863    0.013967    0.018590    0.001990    0.017533    0.006951
  780.0002    0.011132    0.014748    0.018514    0.001180    0.019588    0.009243
  787.5002    0.011661    0.015506    0.018551    0.000912    0.021490    0.011463
  795.0002    0.012004    0.016368    0.019039    0.001130    0.022736    0.012613
  802.5002    0.012175    0.017457    0.019873    0.001585    0.023136    0.012354
  810.0002    0.012490    0.018776    0.020821    0.002514    0.023021    0.011216
  817.5002    0.013056    0.020366    0.021965    0.003682    0.022808    0.010241
  825.0002    0.013588    0.021796    0.023142    0.004470    0.022312    0.009879
  832.5002    0.014247    0.022955    0.024427    0.004844    0.021950    0.010105
  840.0002    0.015162    0.023753    0.025710    0.005351    0.021956    0.010559
  847.5002    0.016112    0.024258    0.027039    0.005855    0.022367    0.011115
  855.0002    0.016860    0.024433    0.028062    0.006213    0.022980    0.011519
  862.5002    0.017345    0.024458    0.028506    0.006554    0.023564    0.011901
  870.0002    0.017402    0.024806    0.028614    0.007159    0.024231    0.012176
  877.5002    0.016752    0.025469    0.028639    0.007613    0.025235    0.012568
  885.0002    0.015492    0.026030    0.028674    0.007397    0.026480    0.013361
  892.5002    0.013949    0.025971    0.028791    0.006474    0.027762    0.014430
  900.0002    0.013533    0.025437    0.029253    0.005839    0.029126    0.015626
  907.5002    0.014698    0.024912    0.030278    0.006577    0.030891    0.016718
  915.0002    0.016986    0.024852    0.032025    0.008846    0.032638    0.017644
  922.5002    0.019249    0.024932    0.034078    0.011510    0.033816    0.018387
  930.0002    0.021066    0.024812    0.035868    0.013589    0.034465    0.019290
  937.5003    0.022328    0.024488    0.037203    0.014686    0.034735    0.020629
  945.0003    0.023392    0.024267    0.038148    0.015155    0.034848    0.022149
  952.5003    0.024599    0.024549    0.038832    0.015770    0.035162    0.023569
  960.0003    0.025885    0.025516    0.039366    0.016714    0.036102    0.024528
  967.5003    0.026815    0.027017    0.039725    0.017849    0.037497    0.024928
  975.0003    0.027005    0.028867    0.039856    0.019081    0.039045    0.025306
  982.5003    0.026675    0.030805    0.039781    0.020380    0.040510    0.026030
  990.0003    0.026327    0.032362    0.039497    0.021920    0.041557    0.026674
  997.5003    0.026484    0.033085    0.039463    0.023845    0.041871    0.026660
 1005.0003    0.027294    0.033281    0.040271    0.025850    0.041434    0.026272
 1012.5003    0.028532    0.033870    0.041747    0.027379    0.040865    0.026415
 1020.0003    0.029730    0.035330    0.043405    0.028238    0.040874    0.027559
 1027.5003    0.030530    0.037304    0.044781    0.028645    0.041948    0.029463
 1035.0003    0.030604    0.039245    0.045837    0.028492    0.043751    0.031504
 1042.5003    0.030015    0.040948    0.046567    0.027859    0.045690    0.033000
 1050.0003    0.029163    0.042152    0.046897    0.027061    0.047242    0.033539
 1057.5003    0.028303    0.042639    0.046796    0.026448    0.048500    0.033530
 1065.0003    0.027794    0.042467    0.046472    0.026406    0.049484    0.033642
 1072.5003    0.027736    0.042061    0.046286    0.026992    0.050014    0.034312
 1080.0003    0.028166    0.041765    0.046526    0.028268    0.050279    0.035269
 1087.5003    0.028937    0.041615    0.047408    0.029866    0.050646    0.035848
 1095.0003    0.029749    0.041547    0.048659    0.031119    0.051183    0.035611
 1102.5003    0.030624    0.041910    0.049758    0.031795    0.051819    0.034780
 1110.0003    0.031729    0.042756    0.050492    0.032105    0.052603    0.034197
 1117.5003    0.033124    0.043703    0.051003    0.032366    0.053560    0.034587
 1125.0003    0.034464    0.044295    0.051470    0.032579    0.054309    0.035937
 1132.5003    0.035062    0.044405    0.051823    0.032651    0.054699    0.037753
 1140.0003    0.034571    0.044461    0.052068    0.032466    0.054991    0.039587
 1147.5003    0.033490    0.044748    0.052254    0.032283    0.055282    0.041233
 1155.0003    0.032600    0.045057    0.052476    0.032417    0.055400    0.042571
 1162.5003    0.032412    0.044877    0.052531    0.033081    0.055282    0.043621
 1170.0003    0.032515    0.043936    0.052103    0.033842    0.055105    0.043944
 1177.5003    0.032564    0.042743    0.051321    0.034175    0.054901    0.043225
 1185.0003    0.032092    0.041899    0.050749    0.033979    0.054389    0.041736
 1192.5003    0.031344    0.041576    0.050525    0.033482    0.053934    0.040324
 1200.0003    0.030513    0.041605    0.050430    0.032574    0.053655    0.039273
 1207.5003    0.029538    0.041889    0.050494    0.031174    0.053957    0.038210
 1215.0003    0.028355    0.042323    0.050659    0.029350    0.054486    0.036626
 1222.5003    0.027013    0.042777    0.050593    0.027066    0.054691    0.034832
 1230.0003    0.025894    0.043352    0.049979    0.025246    0.054233    0.033259
 1237.5003    0.025637    0.043865    0.049318    0.024683    0.053215    0.032543
 1245.0003    0.026292    0.043840    0.049071    0.025360    0.052359    0.032597
 1252.5003    0.027239    0.043406    0.049603    0.026400    0.052098    0.033010
 1260.0003    0.027988    0.043200    0.050664    0.027118    0.052328    0.033531
 1267.5003    0.028647    0.043587    0.051948    0.027263    0.052629    0.034287
 1275.0003    0.029355    0.044419    0.052921    0.026886    0.052220    0.035289
 1282.5003    0.030152    0.045100    0.053309    0.025816    0.050694    0.036255
 1290.0003    0.030410    0.045043    0.053032    0.023910    0.048677    0.036812
 1297.5003    0.029977    0.044034    0.052246    0.021581    0.047275    0.036969
 1305.0004    0.029187    0.042071    0.051276    0.019424    0.046546    0.036822
 1312.5004    0.028263    0.039844    0.050344    0.017973    0.046019    0.036584
 1320.0004    0.027322    0.038253    0.049634    0.017311    0.045167    0.036421
 1327.5004    0.026694    0.037619    0.049416    0.017543    0.044391    0.036462
 1335.0004    0.026818    0.037461    0.049725    0.018359    0.044292    0.036194
 1342.5004    0.027741    0.037586    0.050248    0.019738    0.045024    0.035436
 1350.0004    0.029219    0.037637    0.050908    0.021456    0.046013    0.034236
 1357.5004    0.030456    0.037414    0.051626    0.023075    0.046531    0.033288
 1365.0004    0.030679    0.036732    0.052226    0.024276    0.046613    0.032798
 1372.5004    0.030177    0.035669    0.052541    0.024777    0.046839    0.032484
 1380.0004    0.029630    0.034724    0.052745    0.024882    0.047246    0.031981
 1387.5004    0.029424    0.034640    0.052888    0.025081    0.047787    0.031673
 1395.0004    0.029351    0.035712    0.052966    0.025186    0.048730    0.031511
 1402.5004    0.029177    0.037417    0.053005    0.025111    0.050159    0.031780
 1410.0004    0.028451    0.038823    0.052725    0.024684    0.051542    0.032545
 1417.5004    0.027456    0.039359    0.051993    0.024055    0.052182    0.033005
 1425.0004    0.026703    0.039187    0.051223    0.023834    0.051970    0.032923
 1432.5004    0.026521    0.038861    0.050838    0.024367    0.051078    0.032504
 1440.0004    0.026930    0.038872    0.051178    0.025521    0.049819    0.032270
 1447.5004    0.027926    0.039472    0.052031    0.026783    0.048816    0.032572
 1455.0004    0.029635    0.040742    0.053347    0.027874    0.048551    0.033471
 1462.5004    0.031490    0.042360    0.054860    0.028643    0.048646    0.034940
 1470.0004    0.032911    0.044256    0.056537    0.029070    0.048741    0.036577
 1477.5004    0.033650    0.046478    0.058138    0.029285    0.049057    0.037992
 1485.0004    0.033935    0.048630    0.059350    0.029308    0.049507    0.038958
 1492.5004    0.034433    0.050192    0.059503    0.028880    0.049602    0.039233
 1500.0004    0.035120    0.050853    0.058612    0.027867    0.049315    0.039203
