HD152478      35.7612      42.0358      56.5072     -44.6697      12.2107
     -42.3974
HD152478      2.13729      2.66735      2.64485      2.88118      1.62067
      3.23994
-1500.0004   -0.004587   -0.015958   -0.028797   -0.021296   -0.009157   -0.020772
-1492.5004   -0.008818   -0.019604   -0.029753   -0.023949   -0.010917   -0.023872
-1485.0004   -0.010474   -0.021963   -0.029530   -0.024181   -0.009245   -0.024334
-1477.5004   -0.009110   -0.022033   -0.028062   -0.021710   -0.004843   -0.022494
-1470.0004   -0.005390   -0.019476   -0.025177   -0.016961    0.000809   -0.019202
-1462.5004   -0.000812   -0.015474   -0.021379   -0.011394    0.006018   -0.015164
-1455.0004    0.003267   -0.012048   -0.017746   -0.006996    0.009790   -0.011310
-1447.5004    0.006174   -0.010202   -0.015667   -0.004905    0.011817   -0.008661
-1440.0004    0.007633   -0.009851   -0.015695   -0.005571    0.011791   -0.007852
-1432.5004    0.007564   -0.010725   -0.017475   -0.008674    0.009659   -0.008897
-1425.0004    0.005775   -0.012869   -0.020371   -0.013318    0.005877   -0.011357
-1417.5004    0.002362   -0.016106   -0.024144   -0.018611    0.001269   -0.014593
-1410.0004   -0.001487   -0.019357   -0.028293   -0.023798   -0.002745   -0.017793
-1402.5004   -0.004226   -0.021121   -0.031733   -0.027638   -0.004688   -0.019879
-1395.0004   -0.005735   -0.021466   -0.033885   -0.029862   -0.004768   -0.020927
-1387.5004   -0.007297   -0.022298   -0.035544   -0.031605   -0.005470   -0.022576
-1380.0004   -0.010052   -0.024805   -0.037893   -0.034224   -0.008942   -0.026012
-1372.5004   -0.013269   -0.027612   -0.040681   -0.037505   -0.013782   -0.030128
-1365.0004   -0.015162   -0.028508   -0.041903   -0.039415   -0.016549   -0.032440
-1357.5004   -0.014802   -0.026686   -0.040425   -0.038297   -0.015868   -0.031556
-1350.0004   -0.012962   -0.023599   -0.037110   -0.034962   -0.013166   -0.028006
-1342.5004   -0.010834   -0.021118   -0.034206   -0.031640   -0.011175   -0.023838
-1335.0004   -0.009415   -0.020214   -0.033354   -0.030216   -0.010816   -0.021121
-1327.5004   -0.008863   -0.020348   -0.034066   -0.030118   -0.011022   -0.020541
-1320.0004   -0.008908   -0.020874   -0.034659   -0.029659   -0.010778   -0.021510
-1312.5004   -0.008885   -0.021375   -0.034171   -0.027908   -0.009538   -0.022759
-1305.0004   -0.007812   -0.021288   -0.031977   -0.024938   -0.007014   -0.022484
-1297.5003   -0.005348   -0.019958   -0.028086   -0.021006   -0.003752   -0.019653
-1290.0003   -0.002327   -0.017538   -0.023309   -0.017143   -0.000787   -0.015223
-1282.5003   -0.000365   -0.015124   -0.019283   -0.014419    0.001282   -0.011434
-1275.0003   -0.000373   -0.013586   -0.017126   -0.013596    0.002296   -0.009649
-1267.5003   -0.001904   -0.013306   -0.017003   -0.014580    0.002802   -0.009845
-1260.0003   -0.004126   -0.014136   -0.018525   -0.016847    0.003454   -0.011726
-1252.5003   -0.006183   -0.015913   -0.020803   -0.019619    0.004021   -0.014581
-1245.0003   -0.007571   -0.018111   -0.022414   -0.022023    0.004072   -0.017376
-1237.5003   -0.007296   -0.019646   -0.022150   -0.022435    0.004052   -0.018780
-1230.0003   -0.005241   -0.019551   -0.020271   -0.020522    0.004952   -0.017787
-1222.5003   -0.002039   -0.018007   -0.017752   -0.017172    0.006841   -0.014693
-1215.0003    0.000870   -0.015908   -0.015551   -0.014033    0.008654   -0.010902
-1207.5003    0.002122   -0.014214   -0.014385   -0.012585    0.009264   -0.008310
-1200.0003    0.001441   -0.013387   -0.014310   -0.013230    0.008649   -0.007686
-1192.5003   -0.000517   -0.013406   -0.014641   -0.014806    0.008133   -0.008429
-1185.0003   -0.001875   -0.013419   -0.014178   -0.015047    0.009502   -0.009115
-1177.5003   -0.000912   -0.012167   -0.012255   -0.013090    0.013347   -0.008411
-1170.0003    0.002428   -0.009304   -0.009239   -0.010054    0.018473   -0.006462
-1162.5003    0.006506   -0.005861   -0.006868   -0.007922    0.022488   -0.004689
-1155.0003    0.009389   -0.003553   -0.006510   -0.007958    0.023456   -0.004516
-1147.5003    0.009975   -0.003301   -0.008648   -0.010029    0.020771   -0.006241
-1140.0003    0.008184   -0.005264   -0.012207   -0.013370    0.015745   -0.009461
-1132.5003    0.004384   -0.009031   -0.016105   -0.017488    0.009770   -0.013933
-1125.0003   -0.001081   -0.014518   -0.020495   -0.022348    0.003706   -0.019522
-1117.5003   -0.007607   -0.020874   -0.025752   -0.027761   -0.002246   -0.025925
-1110.0003   -0.014082   -0.026618   -0.031377   -0.033082   -0.007822   -0.032324
-1102.5003   -0.019213   -0.030316   -0.036141   -0.037416   -0.012302   -0.037282
-1095.0003   -0.022106   -0.031510   -0.038886   -0.040002   -0.014777   -0.039528
-1087.5003   -0.022043   -0.030101   -0.038625   -0.040234   -0.013702   -0.038274
-1080.0003   -0.018444   -0.026119   -0.034879   -0.037931   -0.008331   -0.033934
-1072.5003   -0.012359   -0.020479   -0.028513   -0.034017   -0.000240   -0.027936
-1065.0003   -0.005887   -0.014916   -0.021360   -0.030440    0.007262   -0.022238
-1057.5003   -0.000857   -0.010960   -0.015194   -0.028346    0.011958   -0.017740
-1050.0003    0.002160   -0.008912   -0.010797   -0.026955    0.013741   -0.014242
-1042.5003    0.003389   -0.007992   -0.007834   -0.025369    0.014149   -0.011382
-1035.0003    0.003267   -0.007417   -0.006057   -0.023473    0.014409   -0.009393
-1027.5003    0.002723   -0.006915   -0.005634   -0.021742    0.015032   -0.008559
-1020.0003    0.002741   -0.006754   -0.006520   -0.020148    0.016183   -0.008733
-1012.5003    0.003356   -0.007229   -0.008405   -0.018385    0.017370   -0.009999
-1005.0003    0.003283   -0.008666   -0.010595   -0.016351    0.017781   -0.011771
 -997.5003    0.002026   -0.010837   -0.012494   -0.014255    0.017576   -0.013188
 -990.0003    0.000578   -0.012422   -0.013357   -0.012124    0.018547   -0.013355
 -982.5003    0.001166   -0.011916   -0.012216   -0.009361    0.022295   -0.011540
 -975.0003    0.005081   -0.008612   -0.008748   -0.005692    0.029551   -0.007278
 -967.5003    0.011724   -0.003097   -0.003632   -0.001287    0.038844   -0.001277
 -960.0003    0.018632    0.002755    0.001676    0.002841    0.047169    0.004494
 -952.5003    0.023039    0.007076    0.005691    0.005267    0.051914    0.008293
 -945.0003    0.024133    0.009086    0.008197    0.005653    0.052705    0.009814
 -937.5003    0.023836    0.009541    0.010199    0.005329    0.052124    0.010225
 -930.0002    0.023894    0.009468    0.012138    0.005504    0.051910    0.010564
 -922.5002    0.024423    0.009313    0.013198    0.006081    0.051853    0.010510
 -915.0002    0.024166    0.008742    0.012474    0.006070    0.050913    0.009447
 -907.5002    0.022260    0.007390    0.010015    0.004509    0.048593    0.006960
 -900.0002    0.018552    0.004658    0.005840    0.000905    0.044252    0.002867
 -892.5002    0.013411    0.000434    0.000172   -0.004547    0.037828   -0.002947
 -885.0002    0.007489   -0.004942   -0.006383   -0.010613    0.029981   -0.009648
 -877.5002    0.001538   -0.010334   -0.012685   -0.016266    0.022303   -0.015757
 -870.0002   -0.003595   -0.014715   -0.017175   -0.020593    0.016372   -0.020062
 -862.5002   -0.006848   -0.017344   -0.018864   -0.023078    0.012745   -0.022115
 -855.0002   -0.007641   -0.018038   -0.018163   -0.023551    0.011603   -0.021592
 -847.5002   -0.005928   -0.016730   -0.015925   -0.022125    0.012992   -0.018671
 -840.0002   -0.002546   -0.013571   -0.012751   -0.019386    0.016300   -0.014517
 -832.5002    0.001421   -0.009511   -0.009192   -0.016364    0.019562   -0.010330
 -825.0002    0.004828   -0.006162   -0.006553   -0.014365    0.021281   -0.007354
 -817.5002    0.006601   -0.004756   -0.006092   -0.014427    0.021089   -0.006791
 -810.0002    0.006323   -0.005078   -0.007865   -0.016383    0.020083   -0.008996
 -802.5002    0.005002   -0.005761   -0.010586   -0.018726    0.019971   -0.012841
 -795.0002    0.004187   -0.005784   -0.011870   -0.019806    0.022030   -0.016234
 -787.5002    0.005112   -0.005184   -0.010552   -0.018569    0.026168   -0.017292
 -780.0002    0.008311   -0.003686   -0.007004   -0.014587    0.032056   -0.015060
 -772.5002    0.013642   -0.000541   -0.001722   -0.007988    0.038834   -0.009942
 -765.0002    0.020018    0.004429    0.004836   -0.000237    0.045674   -0.003565
 -757.5002    0.025572    0.009849    0.011358    0.006168    0.050874    0.001944
 -750.0002    0.028559    0.013467    0.015911    0.009317    0.052635    0.005076
 -742.5002    0.028784    0.013994    0.017514    0.008721    0.050451    0.005729
 -735.0002    0.027150    0.011901    0.016979    0.005118    0.045392    0.004674
 -727.5002    0.024942    0.008979    0.015833    0.000301    0.039671    0.002695
 -720.0002    0.022541    0.006585    0.015158   -0.003244    0.035880    0.000930
 -712.5002    0.020515    0.005204    0.015109   -0.003699    0.035523    0.000363
 -705.0002    0.019772    0.005272    0.015719   -0.000882    0.038796    0.001907
 -697.5002    0.021283    0.006924    0.017250    0.003908    0.044381    0.005535
 -690.0002    0.025205    0.010087    0.019313    0.008934    0.050422    0.010161
 -682.5002    0.030953    0.014402    0.021579    0.013373    0.055600    0.014875
 -675.0002    0.037111    0.018923    0.023823    0.016788    0.059388    0.019152
 -667.5002    0.041721    0.022203    0.025589    0.018472    0.061115    0.022071
 -660.0002    0.043402    0.023487    0.026433    0.017627    0.061078    0.022706
 -652.5002    0.042308    0.023520    0.026873    0.014582    0.059951    0.021067
 -645.0002    0.039516    0.023104    0.027084    0.010705    0.058488    0.018148
 -637.5002    0.035869    0.021880    0.026102    0.007041    0.055899    0.014793
 -630.0002    0.031907    0.019611    0.023005    0.003735    0.051465    0.010995
 -622.5002    0.028271    0.016900    0.018206    0.000678    0.046032    0.006583
 -615.0002    0.025452    0.014534    0.013592   -0.001957    0.041696    0.002356
 -607.5002    0.023668    0.013079    0.010824   -0.003837    0.040006   -0.000587
 -600.0002    0.022699    0.012095    0.010419   -0.004810    0.040296   -0.002033
 -592.5002    0.022244    0.010944    0.011612   -0.004598    0.040657   -0.002456
 -585.0002    0.022571    0.010072    0.013578   -0.002991    0.040996   -0.001554
 -577.5002    0.024126    0.010664    0.016081    0.000106    0.042641    0.001478
 -570.0002    0.027164    0.013016    0.019417    0.004491    0.046013    0.006551
 -562.5002    0.030772    0.016000    0.023084    0.008588    0.050398    0.011816
 -555.0001    0.033722    0.018337    0.025574    0.010850    0.054395    0.015217
 -547.5001    0.035465    0.019699    0.025803    0.011091    0.056521    0.015968
 -540.0001    0.035586    0.019558    0.023710    0.009739    0.055495    0.014502
 -532.5001    0.033774    0.017824    0.019924    0.007353    0.051245    0.010968
 -525.0001    0.030396    0.015036    0.015721    0.004579    0.045645    0.005923
 -517.5001    0.026751    0.012249    0.012349    0.002087    0.041416    0.000561
 -510.0001    0.024657    0.010384    0.010694    0.000446    0.040184   -0.002845
 -502.5001    0.025745    0.010360    0.011167    0.000116    0.042124   -0.002925
 -495.0001    0.029684    0.012235    0.013749    0.001127    0.046058    0.000126
 -487.5001    0.034491    0.015397    0.017810    0.003156    0.050211    0.004698
 -480.0001    0.037766    0.018568    0.022024    0.004851    0.053308    0.008701
 -472.5001    0.037956    0.020215    0.024572    0.005110    0.054996    0.010694
 -465.0001    0.035674    0.019606    0.024209    0.004060    0.055361    0.010305
 -457.5001    0.032189    0.016866    0.020561    0.002021    0.054243    0.007986
 -450.0001    0.028374    0.012707    0.014700   -0.001229    0.051075    0.004356
 -442.5001    0.024999    0.008455    0.008948   -0.005235    0.046440    0.000536
 -435.0001    0.022605    0.005365    0.005119   -0.008594    0.042536   -0.002537
 -427.5001    0.021263    0.003905    0.003782   -0.009760    0.041151   -0.004257
 -420.0001    0.020963    0.004065    0.004777   -0.007997    0.042831   -0.004372
 -412.5001    0.021970    0.005976    0.007944   -0.003327    0.047465   -0.002622
 -405.0001    0.024647    0.009477    0.012731    0.003665    0.054421    0.000731
 -397.5001    0.028914    0.013965    0.018121    0.011735    0.062674    0.005332
 -390.0001    0.034252    0.018819    0.023562    0.019158    0.070749    0.010699
 -382.5001    0.039559    0.022961    0.028225    0.023873    0.076776    0.015321
 -375.0001    0.043669    0.025700    0.031080    0.024893    0.079432    0.017852
 -367.5001    0.046239    0.027174    0.032121    0.023290    0.079228    0.018069
 -360.0001    0.047623    0.027670    0.031814    0.020366    0.076950    0.016731
 -352.5001    0.047576    0.026934    0.029917    0.016900    0.073004    0.014330
 -345.0001    0.045315    0.024267    0.025541    0.012305    0.067191    0.010544
 -337.5001    0.040972    0.019606    0.018995    0.006407    0.060071    0.005119
 -330.0001    0.036223    0.014817    0.012287    0.000804    0.053686   -0.000552
 -322.5001    0.034420    0.012793    0.008487   -0.001443    0.051552   -0.003803
 -315.0001    0.037607    0.015933    0.010127    0.001768    0.055694   -0.002024
 -307.5001    0.044656    0.023468    0.016577    0.009346    0.064786    0.004218
 -300.0001    0.051423    0.031066    0.023884    0.016937    0.073734    0.011185
 -292.5001    0.054004    0.034485    0.028128    0.020495    0.078186    0.014951
 -285.0001    0.051728    0.032770    0.028294    0.019174    0.076927    0.014306
 -277.5001    0.047230    0.028547    0.025742    0.015015    0.072276    0.010951
 -270.0001    0.043574    0.025048    0.022348    0.011303    0.067692    0.007632
 -262.5001    0.041860    0.023832    0.019492    0.009919    0.065026    0.005645
 -255.0001    0.041124    0.023731    0.017384    0.009916    0.063667    0.004084
 -247.5001    0.039828    0.023086    0.015150    0.009299    0.061815    0.001801
 -240.0001    0.037533    0.021372    0.012598    0.007383    0.058882   -0.001195
 -232.5001    0.035452    0.019738    0.011094    0.005412    0.056037   -0.003566
 -225.0001    0.035109    0.019529    0.011966    0.005207    0.054798   -0.003685
 -217.5001    0.036502    0.020625    0.015044    0.006661    0.055559   -0.001453
 -210.0001    0.038086    0.021603    0.018475    0.007960    0.057232    0.001287
 -202.5001    0.038535    0.021614    0.020687    0.007466    0.058489    0.002761
 -195.0001    0.037605    0.020845    0.021492    0.005337    0.058904    0.002565
 -187.5001    0.036002    0.019642    0.021451    0.003105    0.059105    0.001588
 -180.0000    0.034319    0.018147    0.020867    0.002004    0.059576    0.000547
 -172.5000    0.032741    0.016948    0.019859    0.002389    0.060386   -0.000092
 -165.0000    0.031723    0.016358    0.018705    0.004001    0.061909    0.000033
 -157.5000    0.031771    0.016566    0.017853    0.006482    0.064180    0.001077
 -150.0000    0.033239    0.017754    0.017926    0.009568    0.067012    0.003354
 -142.5000    0.036135    0.020501    0.019510    0.013036    0.070238    0.006958
 -135.0000    0.040295    0.024460    0.022060    0.016223    0.073551    0.011116
 -127.5000    0.044266    0.028367    0.024451    0.018160    0.076567    0.014577
 -120.0000    0.046902    0.030948    0.025828    0.018438    0.079041    0.016331
 -112.5000    0.048333    0.031998    0.026400    0.017599    0.081141    0.016186
 -105.0000    0.049282    0.031946    0.026781    0.016802    0.082504    0.015067
  -97.5000    0.049884    0.031496    0.027454    0.016796    0.082639    0.014094
  -90.0000    0.050079    0.030775    0.027963    0.017689    0.081102    0.013462
  -82.5000    0.050377    0.029965    0.027781    0.019848    0.078406    0.013512
  -75.0000    0.051116    0.029814    0.026913    0.024788    0.075259    0.015495
  -67.5000    0.052317    0.030788    0.026235    0.034593    0.072614    0.021746
  -60.0000    0.053340    0.032833    0.026885    0.049726    0.071097    0.033823
  -52.5000    0.054031    0.035261    0.029414    0.064617    0.071205    0.048806
  -45.0000    0.054518    0.037347    0.032718    0.070818    0.073324    0.058768
  -37.5000    0.054589    0.038567    0.034989    0.064837    0.076854    0.057131
  -30.0000    0.054877    0.039268    0.035993    0.051758    0.081583    0.045653
  -22.5000    0.057305    0.040571    0.037438    0.040832    0.088918    0.032994
  -15.0000    0.062621    0.043524    0.040995    0.036765    0.101330    0.026306
   -7.5000    0.069040    0.047737    0.045706    0.037131    0.119717    0.025117
    0.0000    0.073769    0.051670    0.049266    0.037169    0.141000    0.024797
    7.5000    0.077159    0.054394    0.050564    0.034909    0.156531    0.022664
   15.0000    0.083642    0.057699    0.050925    0.031185    0.158690    0.019422
   22.5000    0.095388    0.064384    0.052248    0.027290    0.145115    0.016349
   30.0000    0.108051    0.074819    0.056209    0.023092    0.121991    0.013263
   37.5000    0.112713    0.084545    0.064501    0.018409    0.099214    0.009630
   45.0000    0.103724    0.086494    0.076487    0.013861    0.082777    0.005459
   52.5000    0.084843    0.077118    0.086572    0.010293    0.072801    0.001789
   60.0000    0.065359    0.060410    0.087308    0.008461    0.067188   -0.000075
   67.5000    0.052232    0.044435    0.076462    0.007964    0.063691    0.000226
   75.0000    0.045996    0.034051    0.060084    0.008148    0.061104    0.001837
   82.5000    0.044057    0.029004    0.046276    0.008704    0.059077    0.003866
   90.0000    0.043430    0.026469    0.037571    0.008765    0.057195    0.005265
   97.5000    0.042703    0.025050    0.032116    0.008288    0.056368    0.005721
  105.0000    0.041864    0.024250    0.028258    0.007774    0.057045    0.005395
  112.5000    0.042028    0.024264    0.025893    0.008177    0.059205    0.005389
  120.0000    0.044333    0.025902    0.025684    0.010453    0.062432    0.007028
  127.5000    0.048181    0.028677    0.027431    0.013828    0.065113    0.009971
  135.0000    0.050996    0.031171    0.029298    0.016531    0.065953    0.012394
  142.5000    0.050760    0.031629    0.029621    0.016755    0.064672    0.012533
  150.0000    0.047225    0.029504    0.027769    0.013685    0.061466    0.009872
  157.5000    0.041512    0.025833    0.024850    0.008262    0.057083    0.005366
  165.0000    0.035364    0.022305    0.022283    0.002636    0.052491    0.000810
  172.5000    0.030275    0.020020    0.020914   -0.001898    0.048090   -0.002254
  180.0000    0.027015    0.018532    0.020282   -0.005373    0.043806   -0.003883
  187.5001    0.025787    0.017331    0.019713   -0.008034    0.039792   -0.004807
  195.0001    0.026004    0.016561    0.019188   -0.009254    0.036745   -0.004850
  202.5001    0.027216    0.016537    0.019174   -0.008623    0.035650   -0.004076
  210.0001    0.028543    0.016951    0.019941   -0.006812    0.036574   -0.002775
  217.5001    0.029326    0.017434    0.021207   -0.004644    0.038738   -0.001368
  225.0001    0.029556    0.017813    0.022161   -0.001802    0.041275    0.000038
  232.5001    0.029417    0.017905    0.022413    0.001915    0.043336    0.001378
  240.0001    0.029049    0.017942    0.022376    0.005918    0.044418    0.003187
  247.5001    0.028913    0.018128    0.022857    0.009785    0.045424    0.005537
  255.0001    0.029947    0.018680    0.023888    0.013331    0.047024    0.008053
  262.5001    0.031886    0.019755    0.024838    0.015872    0.048202    0.009948
  270.0001    0.033337    0.020939    0.025182    0.016458    0.047839    0.010434
  277.5001    0.033182    0.021483    0.024846    0.014663    0.045767    0.009036
  285.0001    0.031103    0.020851    0.023900    0.011795    0.043324    0.006247
  292.5001    0.028033    0.019210    0.022220    0.009534    0.041774    0.003397
  300.0001    0.025016    0.016908    0.019607    0.008165    0.041419    0.001262
  307.5001    0.022548    0.014127    0.016224    0.006666    0.041116   -0.000392
  315.0001    0.020354    0.010902    0.012400    0.004348    0.039109   -0.002266
  322.5001    0.017874    0.007794    0.008803    0.001684    0.035152   -0.004628
  330.0001    0.014656    0.005388    0.005753   -0.000558    0.030735   -0.007081
  337.5001    0.010708    0.003380    0.003687   -0.002607    0.026934   -0.009134
  345.0001    0.006371    0.001026    0.002088   -0.005413    0.024189   -0.010730
  352.5001    0.002333   -0.001585    0.000770   -0.008962    0.022343   -0.012144
  360.0001   -0.000398   -0.003789   -0.000051   -0.011957    0.021049   -0.013419
  367.5001   -0.000951   -0.004678    0.000023   -0.013082    0.020928   -0.013934
  375.0001    0.000780   -0.003879    0.000975   -0.012246    0.021967   -0.013552
  382.5001    0.003239   -0.002090    0.001842   -0.010278    0.022795   -0.013075
  390.0001    0.004240   -0.001084    0.001464   -0.008836    0.021527   -0.013656
  397.5001    0.002400   -0.002629   -0.000740   -0.009543    0.016966   -0.016146
  405.0001   -0.001556   -0.006743   -0.004216   -0.012774    0.009956   -0.019951
  412.5001   -0.005493   -0.011175   -0.006978   -0.017123    0.002716   -0.023516
  420.0001   -0.007599   -0.013610   -0.007424   -0.020604   -0.002653   -0.025322
  427.5001   -0.007171   -0.013280   -0.005530   -0.021958   -0.004883   -0.024458
  435.0001   -0.004466   -0.010684   -0.002058   -0.020762   -0.003591   -0.021255
  442.5001   -0.000407   -0.007101    0.002205   -0.017762    0.000640   -0.016599
  450.0001    0.002906   -0.004043    0.006029   -0.014491    0.005816   -0.012353
  457.5001    0.003863   -0.002768    0.007510   -0.012535    0.008992   -0.010058
  465.0001    0.002425   -0.003525    0.006490   -0.012820    0.008963   -0.010142
  472.5001   -0.000216   -0.005477    0.003713   -0.014788    0.006480   -0.011718
  480.0001   -0.002657   -0.007575    0.000549   -0.017000    0.003355   -0.013729
  487.5001   -0.003922   -0.008627   -0.001796   -0.018359    0.001197   -0.015171
  495.0001   -0.003264   -0.007714   -0.002268   -0.017674    0.000735   -0.015019
  502.5001   -0.000586   -0.005265   -0.000790   -0.014592    0.002377   -0.012959
  510.0001    0.003824   -0.001984    0.002141   -0.009625    0.006330   -0.009439
  517.5001    0.009182    0.001889    0.006089   -0.003867    0.012090   -0.005639
  525.0001    0.014450    0.005921    0.010343    0.001296    0.018193   -0.002359
  532.5001    0.018215    0.009231    0.013942    0.005064    0.022392   -0.000025
  540.0001    0.019483    0.010530    0.015644    0.006540    0.022641    0.000576
  547.5001    0.017838    0.009313    0.014934    0.004910    0.019050   -0.000951
  555.0001    0.014265    0.006098    0.012257    0.000364    0.013913   -0.004236
  562.5002    0.010068    0.002399    0.008901   -0.005466    0.009814   -0.007776
  570.0002    0.006487   -0.000489    0.006387   -0.010156    0.008205   -0.010194
  577.5002    0.004396   -0.001664    0.005650   -0.012368    0.008335   -0.010868
  585.0002    0.003834   -0.001100    0.006080   -0.012262    0.008742   -0.010510
  592.5002    0.004096    0.000353    0.006597   -0.010546    0.008413   -0.009919
  600.0002    0.004208    0.002134    0.007126   -0.007989    0.007812   -0.008886
  607.5002    0.004322    0.004030    0.008276   -0.005245    0.008177   -0.007159
  615.0002    0.005323    0.006219    0.010095   -0.002469    0.009956   -0.004422
  622.5002    0.007468    0.008314    0.012606    0.000583    0.012583   -0.000731
  630.0002    0.010017    0.009983    0.015859    0.004041    0.015602    0.003632
  637.5002    0.012209    0.011001    0.019569    0.007345    0.018466    0.007916
  645.0002    0.013815    0.011480    0.022778    0.009476    0.020875    0.011025
  652.5002    0.014735    0.011604    0.024597    0.009890    0.022450    0.012373
  660.0002    0.014521    0.011265    0.024582    0.008709    0.023304    0.011895
  667.5002    0.013563    0.010144    0.023096    0.007162    0.023733    0.010108
  675.0002    0.013285    0.008577    0.021333    0.006680    0.024205    0.008156
  682.5002    0.014544    0.008058    0.020359    0.007788    0.025124    0.007173
  690.0002    0.016913    0.009678    0.020663    0.010162    0.026104    0.007785
  697.5002    0.018888    0.012237    0.021465    0.012520    0.025672    0.009496
  705.0002    0.019075    0.013378    0.020977    0.013397    0.022924    0.010696
  712.5002    0.018012    0.012452    0.018848    0.012446    0.019504    0.010693
  720.0002    0.017858    0.011856    0.017239    0.011659    0.018550    0.010840
  727.5002    0.019689    0.013718    0.018020    0.013035    0.021598    0.012290
  735.0002    0.022120    0.017420    0.020677    0.015861    0.027218    0.014430
  742.5002    0.023506    0.020499    0.022588    0.017807    0.032669    0.015873
  750.0002    0.023292    0.021677    0.022488    0.017590    0.035937    0.015958
  757.5002    0.022328    0.021383    0.021028    0.015752    0.036712    0.015182
  765.0002    0.021075    0.020328    0.019284    0.013505    0.035532    0.013640
  772.5002    0.019536    0.018638    0.017715    0.011651    0.032998    0.010886
  780.0002    0.017657    0.016788    0.016448    0.010350    0.029972    0.007541
  787.5002    0.016371    0.016336    0.016172    0.010121    0.027845    0.005230
  795.0002    0.017177    0.018112    0.017852    0.011801    0.027734    0.005491
  802.5002    0.019600    0.020996    0.021231    0.015115    0.029126    0.008028
  810.0002    0.021239    0.023208    0.024478    0.018128    0.030255    0.011089
  817.5002    0.020560    0.023808    0.026149    0.019008    0.029596    0.012734
  825.0002    0.018254    0.023195    0.026128    0.018123    0.028224    0.012656
  832.5002    0.016272    0.022441    0.025020    0.017038    0.028209    0.011714
  840.0002    0.015335    0.021730    0.023225    0.016753    0.029658    0.010637
  847.5002    0.014913    0.020773    0.021099    0.017101    0.030997    0.009838
  855.0002    0.014967    0.019910    0.019596    0.017958    0.031126    0.009813
  862.5002    0.015667    0.020369    0.019413    0.019401    0.030727    0.011246
  870.0002    0.017476    0.022578    0.020954    0.021581    0.031174    0.014388
  877.5002    0.020969    0.025892    0.023841    0.024709    0.033559    0.018689
  885.0002    0.025698    0.029808    0.027186    0.028817    0.037503    0.023287
  892.5002    0.030206    0.033698    0.030573    0.033398    0.042355    0.027854
  900.0002    0.032962    0.036652    0.033589    0.037297    0.046994    0.031760
  907.5002    0.033462    0.037822    0.035628    0.039416    0.050117    0.034163
  915.0002    0.032101    0.037178    0.035951    0.039175    0.050776    0.034250
  922.5002    0.029772    0.035346    0.034648    0.036677    0.048874    0.032440
  930.0002    0.027703    0.033179    0.032706    0.033096    0.045191    0.030105
  937.5003    0.026700    0.031174    0.031084    0.030007    0.041460    0.028513
  945.0003    0.026741    0.029766    0.029816    0.028853    0.039454    0.028087
  952.5003    0.027150    0.029094    0.028637    0.029512    0.038893    0.027874
  960.0003    0.027426    0.029014    0.027925    0.031120    0.038795    0.027259
  967.5003    0.028014    0.029398    0.027929    0.032806    0.039134    0.026740
  975.0003    0.029734    0.030287    0.028616    0.034676    0.040560    0.027675
  982.5003    0.032440    0.031940    0.029852    0.037214    0.043114    0.030472
  990.0003    0.035266    0.034041    0.031689    0.040150    0.046149    0.034083
  997.5003    0.037315    0.036020    0.033960    0.042711    0.049078    0.037470
 1005.0003    0.038141    0.037677    0.036365    0.044277    0.051854    0.039772
 1012.5003    0.037502    0.038349    0.038510    0.044106    0.053549    0.040182
 1020.0003    0.034501    0.036789    0.038586    0.040752    0.051793    0.037304
 1027.5003    0.030538    0.033876    0.036560    0.035393    0.047046    0.032448
 1035.0003    0.027219    0.031340    0.033652    0.030459    0.041797    0.027780
 1042.5003    0.024648    0.029503    0.030449    0.027387    0.037352    0.024022
 1050.0003    0.023102    0.028578    0.028025    0.026365    0.035042    0.021645
 1057.5003    0.023181    0.028516    0.027251    0.026857    0.034839    0.020938
 1065.0003    0.024390    0.028990    0.028064    0.027990    0.035537    0.021874
 1072.5003    0.025761    0.029666    0.029322    0.029394    0.035560    0.023976
 1080.0003    0.026328    0.030261    0.030148    0.030860    0.034416    0.026316
 1087.5003    0.025596    0.030380    0.030134    0.031391    0.032053    0.027328
 1095.0003    0.022616    0.028516    0.028161    0.029031    0.027763    0.025374
 1102.5003    0.019194    0.025568    0.025526    0.025002    0.023504    0.021583
 1110.0003    0.016881    0.022893    0.023907    0.021094    0.020916    0.018163
 1117.5003    0.015229    0.020467    0.022860    0.017846    0.019191    0.015600
 1125.0003    0.013712    0.017958    0.021718    0.015517    0.017782    0.013309
 1132.5003    0.012358    0.015537    0.020197    0.014073    0.016927    0.011286
 1140.0003    0.012004    0.014366    0.018769    0.014195    0.017560    0.010793
 1147.5003    0.014014    0.015898    0.019229    0.016572    0.020608    0.013068
 1155.0003    0.019049    0.020748    0.023144    0.022106    0.026657    0.018635
 1162.5003    0.026486    0.028607    0.030706    0.030205    0.035029    0.027045
 1170.0003    0.034720    0.037996    0.040643    0.039173    0.043966    0.036733
 1177.5003    0.041975    0.046696    0.050450    0.047348    0.052027    0.045051
 1185.0003    0.046607    0.052272    0.057483    0.052964    0.057642    0.049924
 1192.5003    0.047214    0.053339    0.060038    0.054490    0.059685    0.050389
 1200.0003    0.043698    0.050224    0.058238    0.051752    0.057474    0.046912
 1207.5003    0.037299    0.044629    0.053259    0.046289    0.051755    0.040962
 1215.0003    0.030136    0.038180    0.046938    0.040176    0.044650    0.034051
 1222.5003    0.024291    0.032039    0.040491    0.034406    0.037955    0.027393
 1230.0003    0.020889    0.027539    0.035353    0.029446    0.032312    0.022146
 1237.5003    0.019732    0.025364    0.032477    0.025341    0.027872    0.019337
 1245.0003    0.020543    0.025794    0.032673    0.023063    0.025468    0.019495
 1252.5003    0.022439    0.028426    0.035342    0.023089    0.025001    0.021791
 1260.0003    0.023414    0.031300    0.038010    0.024296    0.024997    0.024120
 1267.5003    0.022208    0.032514    0.038422    0.024996    0.024197    0.025002
 1275.0003    0.018953    0.031195    0.036132    0.024311    0.022466    0.024466
 1282.5003    0.015496    0.028451    0.032520    0.023042    0.020323    0.023619
 1290.0003    0.014003    0.026189    0.029575    0.022725    0.018758    0.023557
 1297.5003    0.014681    0.025417    0.028229    0.023298    0.017704    0.024209
 1305.0004    0.015770    0.025668    0.027702    0.023637    0.016455    0.024580
 1312.5004    0.015884    0.025879    0.027232    0.023007    0.014412    0.023990
 1320.0004    0.014555    0.025252    0.026626    0.021695    0.011530    0.022549
 1327.5004    0.012451    0.023728    0.026351    0.020148    0.008976    0.021140
 1335.0004    0.010357    0.021930    0.026539    0.018625    0.007615    0.020365
 1342.5004    0.009289    0.021001    0.026933    0.017536    0.007458    0.020347
 1350.0004    0.009785    0.021503    0.027528    0.017211    0.007823    0.020968
 1357.5004    0.010915    0.022939    0.027903    0.017652    0.007595    0.021691
 1365.0004    0.011091    0.023750    0.027313    0.017767    0.006010    0.021899
 1372.5004    0.009380    0.022814    0.025384    0.016901    0.003021    0.020946
 1380.0004    0.006382    0.020429    0.022792    0.015712    0.000139    0.018845
 1387.5004    0.003838    0.018142    0.021133    0.015523   -0.000557    0.017077
 1395.0004    0.003228    0.017311    0.021605    0.017238    0.002143    0.017133
 1402.5004    0.004533    0.017727    0.024053    0.020301    0.006911    0.019005
 1410.0004    0.005652    0.017958    0.026737    0.022943    0.010160    0.020675
 1417.5004    0.005101    0.017029    0.028031    0.024090    0.009908    0.020485
 1425.0004    0.002572    0.014922    0.027684    0.023610    0.006945    0.018108
 1432.5004   -0.001188    0.012578    0.026513    0.022155    0.003577    0.015080
 1440.0004   -0.004669    0.011337    0.025735    0.020612    0.001575    0.013080
 1447.5004   -0.006154    0.012060    0.026299    0.020285    0.001197    0.012810
 1455.0004   -0.005023    0.014420    0.028458    0.021652    0.001291    0.014094
 1462.5004   -0.002214    0.017494    0.031041    0.023805    0.000577    0.016301
 1470.0004    0.001073    0.020157    0.033014    0.025628   -0.001299    0.018718
 1477.5004    0.004010    0.022072    0.033925    0.026811   -0.003252    0.021069
 1485.0004    0.006834    0.023538    0.034357    0.027740   -0.003954    0.023809
 1492.5004    0.009869    0.024960    0.035190    0.028921   -0.002657    0.027437
 1500.0004    0.013219    0.026524    0.036984    0.030565    0.000613    0.031557
