HD157042      40.6930      5.81577     -25.8566      3.54698     -54.0255
HD157042      2.29028      2.16860      2.41292      2.35883      3.15085
-1500.0004   -0.007105   -0.015512   -0.006709   -0.014535   -0.008866
-1492.5004   -0.008085   -0.017024   -0.007234   -0.015005   -0.007282
-1485.0004   -0.009863   -0.018982   -0.007056   -0.016116   -0.006146
-1477.5004   -0.012126   -0.021141   -0.007277   -0.017489   -0.006063
-1470.0004   -0.013407   -0.023144   -0.008255   -0.019238   -0.007781
-1462.5004   -0.013403   -0.024509   -0.009419   -0.021129   -0.011624
-1455.0004   -0.012842   -0.025406   -0.010331   -0.022560   -0.016490
-1447.5004   -0.012946   -0.025969   -0.010379   -0.024063   -0.020851
-1440.0004   -0.014057   -0.025630   -0.009123   -0.025837   -0.023530
-1432.5004   -0.015883   -0.024528   -0.007680   -0.027395   -0.024750
-1425.0004   -0.018187   -0.022994   -0.007382   -0.028365   -0.024811
-1417.5004   -0.019439   -0.021989   -0.008828   -0.028064   -0.025132
-1410.0004   -0.018006   -0.021611   -0.011200   -0.026488   -0.026169
-1402.5004   -0.014914   -0.021020   -0.013416   -0.024070   -0.026407
-1395.0004   -0.012221   -0.019567   -0.014450   -0.022142   -0.025204
-1387.5004   -0.011216   -0.017570   -0.014520   -0.021508   -0.022442
-1380.0004   -0.011603   -0.015724   -0.014137   -0.022425   -0.018991
-1372.5004   -0.011516   -0.014666   -0.013743   -0.023766   -0.015859
-1365.0004   -0.010666   -0.014528   -0.013573   -0.025053   -0.013775
-1357.5004   -0.010061   -0.014737   -0.013513   -0.026691   -0.013191
-1350.0004   -0.010585   -0.015384   -0.012986   -0.028406   -0.013708
-1342.5004   -0.012323   -0.016204   -0.011622   -0.029890   -0.014881
-1335.0004   -0.014300   -0.016581   -0.009919   -0.031079   -0.015458
-1327.5004   -0.015540   -0.016112   -0.008387   -0.031335   -0.015094
-1320.0004   -0.016518   -0.015528   -0.007191   -0.030371   -0.014170
-1312.5004   -0.017450   -0.015734   -0.006122   -0.028461   -0.012910
-1305.0004   -0.018256   -0.017362   -0.005151   -0.027087   -0.011606
-1297.5003   -0.017987   -0.019258   -0.004416   -0.026663   -0.011092
-1290.0003   -0.016617   -0.020577   -0.004181   -0.027243   -0.010962
-1282.5003   -0.014929   -0.021211   -0.004679   -0.028203   -0.010745
-1275.0003   -0.013856   -0.021065   -0.005505   -0.028610   -0.010891
-1267.5003   -0.013830   -0.020394   -0.006344   -0.027648   -0.012278
-1260.0003   -0.014120   -0.019729   -0.007661   -0.025226   -0.014992
-1252.5003   -0.014537   -0.019499   -0.009277   -0.021901   -0.017666
-1245.0003   -0.014559   -0.019958   -0.010357   -0.019081   -0.019099
-1237.5003   -0.013893   -0.021147   -0.010964   -0.018128   -0.019615
-1230.0003   -0.012919   -0.022448   -0.010786   -0.019036   -0.019816
-1222.5003   -0.011755   -0.023253   -0.009998   -0.020918   -0.019666
-1215.0003   -0.010519   -0.023058   -0.009584   -0.022894   -0.018822
-1207.5003   -0.009390   -0.021776   -0.010375   -0.024524   -0.018079
-1200.0003   -0.009184   -0.020819   -0.011676   -0.025871   -0.017677
-1192.5003   -0.009729   -0.020733   -0.012335   -0.026899   -0.018233
-1185.0003   -0.010364   -0.020987   -0.011662   -0.027790   -0.019888
-1177.5003   -0.010637   -0.021534   -0.009748   -0.028244   -0.021679
-1170.0003   -0.010878   -0.022260   -0.007057   -0.027573   -0.022832
-1162.5003   -0.010831   -0.022619   -0.004486   -0.026206   -0.023770
-1155.0003   -0.010678   -0.021881   -0.002906   -0.025207   -0.023933
-1147.5003   -0.010693   -0.020220   -0.002587   -0.024864   -0.022670
-1140.0003   -0.011316   -0.018693   -0.003145   -0.024876   -0.019571
-1132.5003   -0.012556   -0.018617   -0.003813   -0.024858   -0.015912
-1125.0003   -0.013936   -0.019640   -0.004156   -0.025375   -0.013472
-1117.5003   -0.014905   -0.020656   -0.004696   -0.026382   -0.013512
-1110.0003   -0.014693   -0.020769   -0.005138   -0.026798   -0.015220
-1102.5003   -0.013761   -0.019893   -0.004751   -0.026749   -0.018349
-1095.0003   -0.012233   -0.018693   -0.003398   -0.026860   -0.022223
-1087.5003   -0.010736   -0.017389   -0.002371   -0.026614   -0.025775
-1080.0003   -0.010325   -0.015864   -0.002410   -0.025287   -0.028399
-1072.5003   -0.011302   -0.014102   -0.003529   -0.023102   -0.030512
-1065.0003   -0.012460   -0.012184   -0.004866   -0.021184   -0.032171
-1057.5003   -0.012759   -0.011094   -0.006159   -0.019954   -0.033179
-1050.0003   -0.012255   -0.011508   -0.007025   -0.020490   -0.033591
-1042.5003   -0.011683   -0.013176   -0.007547   -0.022635   -0.033120
-1035.0003   -0.011489   -0.015286   -0.007387   -0.024735   -0.032119
-1027.5003   -0.011045   -0.017048   -0.006700   -0.026009   -0.030287
-1020.0003   -0.009912   -0.018541   -0.006679   -0.026771   -0.028171
-1012.5003   -0.007983   -0.019531   -0.007358   -0.027305   -0.026868
-1005.0003   -0.006263   -0.019347   -0.007856   -0.027023   -0.027081
 -997.5003   -0.005889   -0.018019   -0.008149   -0.025589   -0.027672
 -990.0003   -0.007728   -0.016550   -0.008471   -0.024631   -0.027712
 -982.5003   -0.011127   -0.016065   -0.008792   -0.025764   -0.027472
 -975.0003   -0.013923   -0.017161   -0.008699   -0.028169   -0.026861
 -967.5003   -0.014667   -0.018887   -0.007859   -0.030816   -0.025937
 -960.0003   -0.014454   -0.020142   -0.006802   -0.033340   -0.025653
 -952.5003   -0.014476   -0.020142   -0.006362   -0.035852   -0.026429
 -945.0003   -0.015556   -0.019304   -0.006699   -0.037807   -0.027667
 -937.5003   -0.016865   -0.018552   -0.006886   -0.038077   -0.028015
 -930.0002   -0.017897   -0.018104   -0.006861   -0.036385   -0.027393
 -922.5002   -0.018194   -0.017149   -0.006691   -0.034179   -0.026720
 -915.0002   -0.017703   -0.015635   -0.006566   -0.033066   -0.026535
 -907.5002   -0.016270   -0.013520   -0.006864   -0.032148   -0.027314
 -900.0002   -0.014464   -0.011237   -0.007995   -0.030793   -0.029144
 -892.5002   -0.013044   -0.010185   -0.009876   -0.029515   -0.030994
 -885.0002   -0.012842   -0.011119   -0.011374   -0.029225   -0.032489
 -877.5002   -0.014404   -0.013357   -0.011486   -0.030595   -0.033002
 -870.0002   -0.016564   -0.015017   -0.010707   -0.032202   -0.031931
 -862.5002   -0.017536   -0.015289   -0.010126   -0.032936   -0.029960
 -855.0002   -0.017455   -0.014467   -0.009991   -0.032537   -0.028506
 -847.5002   -0.016810   -0.013081   -0.009919   -0.031074   -0.027890
 -840.0002   -0.015905   -0.011977   -0.009743   -0.029716   -0.027600
 -832.5002   -0.015065   -0.011839   -0.009093   -0.029444   -0.027203
 -825.0002   -0.014719   -0.013191   -0.008511   -0.029955   -0.025820
 -817.5002   -0.015118   -0.015252   -0.008307   -0.030337   -0.024649
 -810.0002   -0.015393   -0.016379   -0.008321   -0.029548   -0.024196
 -802.5002   -0.015068   -0.016023   -0.008496   -0.028351   -0.024280
 -795.0002   -0.014658   -0.015015   -0.009210   -0.027596   -0.024426
 -787.5002   -0.015148   -0.014484   -0.010241   -0.026895   -0.024285
 -780.0002   -0.016985   -0.015310   -0.010872   -0.026679   -0.023371
 -772.5002   -0.019498   -0.016550   -0.011037   -0.026851   -0.021813
 -765.0002   -0.020825   -0.017624   -0.010456   -0.027266   -0.020810
 -757.5002   -0.019745   -0.017744   -0.009464   -0.027988   -0.021378
 -750.0002   -0.016607   -0.016518   -0.008422   -0.029309   -0.023445
 -742.5002   -0.012991   -0.014260   -0.008096   -0.030721   -0.026225
 -735.0002   -0.010192   -0.011789   -0.008232   -0.031781   -0.028627
 -727.5002   -0.008962   -0.009949   -0.008301   -0.033078   -0.029845
 -720.0002   -0.009266   -0.009453   -0.008216   -0.034325   -0.029751
 -712.5002   -0.010536   -0.010254   -0.007968   -0.034608   -0.029164
 -705.0002   -0.011413   -0.011451   -0.007339   -0.033836   -0.028495
 -697.5002   -0.010994   -0.012487   -0.006097   -0.033149   -0.028511
 -690.0002   -0.009509   -0.012925   -0.004426   -0.033284   -0.029057
 -682.5002   -0.007597   -0.012426   -0.002979   -0.033087   -0.029635
 -675.0002   -0.005791   -0.010663   -0.002253   -0.031367   -0.028950
 -667.5002   -0.003748   -0.007330   -0.002755   -0.029257   -0.026907
 -660.0002   -0.001955   -0.002518   -0.003704   -0.026820   -0.025174
 -652.5002   -0.000924    0.002608   -0.004106   -0.024255   -0.024796
 -645.0002   -0.001014    0.006529   -0.003561   -0.021406   -0.025654
 -637.5002   -0.001322    0.008486   -0.002058   -0.018090   -0.026507
 -630.0002   -0.000456    0.008868   -0.000160   -0.014840   -0.026677
 -622.5002    0.002560    0.008718    0.002155   -0.012819   -0.025595
 -615.0002    0.006261    0.009107    0.004388   -0.013412   -0.023289
 -607.5002    0.008724    0.009890    0.006205   -0.016360   -0.019988
 -600.0002    0.009413    0.010413    0.007486   -0.019199   -0.016659
 -592.5002    0.008829    0.010357    0.008634   -0.019183   -0.014208
 -585.0002    0.008071    0.010627    0.010646   -0.017575   -0.012528
 -577.5002    0.007880    0.011475    0.013677   -0.016453   -0.011862
 -570.0002    0.008262    0.012304    0.017133   -0.015706   -0.012362
 -562.5002    0.008974    0.012663    0.019989   -0.013938   -0.013787
 -555.0001    0.009256    0.012599    0.021747   -0.010917   -0.015472
 -547.5001    0.009184    0.011908    0.022248   -0.007914   -0.016933
 -540.0001    0.009918    0.010753    0.021806   -0.006325   -0.017665
 -532.5001    0.011921    0.009118    0.020801   -0.006421   -0.018176
 -525.0001    0.014929    0.007326    0.019285   -0.008457   -0.017876
 -517.5001    0.017591    0.006326    0.017640   -0.011190   -0.016523
 -510.0001    0.018009    0.007006    0.016551   -0.013387   -0.014497
 -502.5001    0.016560    0.009391    0.015072   -0.014095   -0.012984
 -495.0001    0.015302    0.012530    0.013377   -0.013230   -0.012531
 -487.5001    0.015760    0.015002    0.012040   -0.011775   -0.013121
 -480.0001    0.016870    0.015907    0.011257   -0.010627   -0.013508
 -472.5001    0.017510    0.016035    0.011350   -0.009983   -0.013582
 -465.0001    0.017501    0.016705    0.012133   -0.009343   -0.012898
 -457.5001    0.017671    0.018882    0.013344   -0.008416   -0.011291
 -450.0001    0.017886    0.021996    0.014783   -0.007629   -0.008851
 -442.5001    0.017703    0.024951    0.016314   -0.007206   -0.006777
 -435.0001    0.016959    0.026240    0.017668   -0.007040   -0.005661
 -427.5001    0.015746    0.025083    0.017919   -0.006948   -0.006010
 -420.0001    0.014827    0.022272    0.016982   -0.006468   -0.006517
 -412.5001    0.014200    0.020109    0.015370   -0.006147   -0.007251
 -405.0001    0.013444    0.019116    0.014229   -0.005781   -0.008184
 -397.5001    0.011774    0.019262    0.014958   -0.004730   -0.008772
 -390.0001    0.010253    0.020250    0.018155   -0.002818   -0.009278
 -382.5001    0.010502    0.022335    0.022226   -0.000912   -0.010018
 -375.0001    0.012398    0.025029    0.025425   -0.000370   -0.011632
 -367.5001    0.015181    0.027637    0.026861   -0.000903   -0.013521
 -360.0001    0.017780    0.029518    0.027022   -0.001294   -0.015447
 -352.5001    0.020808    0.030300    0.026325   -0.001449   -0.017079
 -345.0001    0.024267    0.031081    0.025206   -0.001312   -0.017725
 -337.5001    0.027705    0.032252    0.025041   -0.000200   -0.017282
 -330.0001    0.029553    0.032566    0.027049    0.001258   -0.016158
 -322.5001    0.030322    0.032145    0.030449    0.003080   -0.014963
 -315.0001    0.031537    0.032204    0.033756    0.005259   -0.014161
 -307.5001    0.034468    0.033986    0.035446    0.007531   -0.013782
 -300.0001    0.038265    0.037199    0.035910    0.009026   -0.013413
 -292.5001    0.041164    0.040385    0.036258    0.009804   -0.012586
 -285.0001    0.042611    0.042420    0.036774    0.009964   -0.011202
 -277.5001    0.042905    0.044140    0.037287    0.010427   -0.009508
 -270.0001    0.042905    0.045825    0.038082    0.011619   -0.007200
 -262.5001    0.042865    0.047061    0.039523    0.013632   -0.004915
 -255.0001    0.042614    0.047652    0.041177    0.016381   -0.003180
 -247.5001    0.041911    0.047789    0.042508    0.019740   -0.001802
 -240.0001    0.041198    0.047991    0.043486    0.022651   -0.000342
 -232.5001    0.041692    0.048728    0.044944    0.024695    0.001395
 -225.0001    0.043965    0.050179    0.047042    0.025212    0.003282
 -217.5001    0.047234    0.052213    0.049152    0.024642    0.004961
 -210.0001    0.050533    0.054635    0.050600    0.023811    0.006377
 -202.5001    0.053398    0.056428    0.051673    0.024076    0.007831
 -195.0001    0.055676    0.057811    0.053137    0.026007    0.009596
 -187.5001    0.057504    0.059865    0.055186    0.029604    0.012107
 -180.0000    0.058930    0.062656    0.057416    0.033416    0.015668
 -172.5000    0.060207    0.065620    0.058680    0.036253    0.020283
 -165.0000    0.061298    0.067926    0.059296    0.037916    0.025038
 -157.5000    0.062419    0.069509    0.059593    0.038789    0.029514
 -150.0000    0.064304    0.071503    0.059625    0.039065    0.033193
 -142.5000    0.066556    0.074096    0.059675    0.039614    0.036595
 -135.0000    0.068703    0.076883    0.060050    0.041642    0.039085
 -127.5000    0.071272    0.079971    0.060918    0.045616    0.040198
 -120.0000    0.074946    0.083565    0.062371    0.050542    0.040489
 -112.5000    0.078994    0.087329    0.064310    0.055815    0.040568
 -105.0000    0.082345    0.090667    0.066722    0.060480    0.041018
  -97.5000    0.085066    0.094079    0.069856    0.063984    0.042629
  -90.0000    0.087756    0.097748    0.073891    0.066260    0.046843
  -82.5000    0.090174    0.101142    0.078824    0.067869    0.054948
  -75.0000    0.091360    0.104056    0.084295    0.069540    0.067049
  -67.5000    0.091828    0.106930    0.090339    0.072062    0.080064
  -60.0000    0.092680    0.109532    0.097544    0.075511    0.088864
  -52.5000    0.093746    0.111589    0.106982    0.078879    0.090538
  -45.0000    0.094011    0.113142    0.118431    0.081681    0.085197
  -37.5000    0.093164    0.114667    0.130101    0.085238    0.075505
  -30.0000    0.092689    0.117098    0.137956    0.090170    0.065412
  -22.5000    0.093443    0.121811    0.138309    0.096890    0.057801
  -15.0000    0.095503    0.130572    0.130619    0.105890    0.052849
   -7.5000    0.097668    0.141531    0.118300    0.116458    0.049235
    0.0000    0.099926    0.150617    0.105921    0.124435    0.046298
    7.5000    0.103609    0.153669    0.096841    0.124593    0.044167
   15.0000    0.111023    0.147694    0.090631    0.115272    0.043511
   22.5000    0.122672    0.134348    0.086283    0.099863    0.043811
   30.0000    0.135280    0.119195    0.083376    0.084419    0.045012
   37.5000    0.143536    0.106872    0.081968    0.072728    0.046880
   45.0000    0.143365    0.099395    0.081742    0.065808    0.048663
   52.5000    0.134345    0.095922    0.081598    0.062764    0.049495
   60.0000    0.120910    0.094855    0.080507    0.062367    0.049369
   67.5000    0.108499    0.094766    0.079008    0.063157    0.048087
   75.0000    0.100895    0.095821    0.078214    0.063288    0.046886
   82.5000    0.097866    0.096527    0.078631    0.061907    0.046290
   90.0000    0.096898    0.095766    0.079397    0.059452    0.046074
   97.5000    0.095929    0.093856    0.079311    0.056919    0.045782
  105.0000    0.094125    0.091171    0.078324    0.055201    0.045439
  112.5000    0.091659    0.087973    0.077077    0.054713    0.045598
  120.0000    0.089350    0.084921    0.075425    0.055756    0.045952
  127.5000    0.087969    0.082378    0.073668    0.057897    0.046054
  135.0000    0.087191    0.080667    0.071567    0.058956    0.045169
  142.5000    0.086430    0.079682    0.069345    0.057936    0.043834
  150.0000    0.084899    0.079386    0.066818    0.055328    0.042633
  157.5000    0.082320    0.079337    0.064124    0.052184    0.041409
  165.0000    0.079298    0.078789    0.061364    0.049194    0.039533
  172.5000    0.076671    0.077802    0.058593    0.046455    0.036112
  180.0000    0.075050    0.076595    0.056396    0.043975    0.032286
  187.5001    0.074135    0.075365    0.054853    0.041337    0.028998
  195.0001    0.073454    0.074188    0.053562    0.038970    0.026560
  202.5001    0.072200    0.072336    0.052258    0.037767    0.024735
  210.0001    0.069923    0.069767    0.051049    0.037913    0.022814
  217.5001    0.067024    0.067120    0.050214    0.039101    0.021150
  225.0001    0.064104    0.065160    0.049601    0.040896    0.020183
  232.5001    0.061101    0.063957    0.048814    0.041940    0.020010
  240.0001    0.057796    0.062649    0.047609    0.040794    0.020046
  247.5001    0.054574    0.060232    0.045663    0.037355    0.020178
  255.0001    0.052473    0.057554    0.043451    0.033287    0.020022
  262.5001    0.051722    0.054678    0.041044    0.029170    0.019234
  270.0001    0.051768    0.051985    0.039103    0.025448    0.017804
  277.5001    0.051242    0.049727    0.037280    0.022611    0.016216
  285.0001    0.049750    0.047900    0.035733    0.021180    0.014434
  292.5001    0.046940    0.046544    0.034101    0.021127    0.012894
  300.0001    0.043443    0.045448    0.032460    0.021853    0.011316
  307.5001    0.039347    0.044308    0.030875    0.022416    0.009995
  315.0001    0.036053    0.042675    0.029768    0.022105    0.009802
  322.5001    0.033951    0.041041    0.029282    0.020443    0.010954
  330.0001    0.033112    0.040619    0.028720    0.018646    0.012131
  337.5001    0.032246    0.040760    0.027142    0.017871    0.012349
  345.0001    0.030520    0.040317    0.024787    0.018140    0.011101
  352.5001    0.028441    0.038872    0.021914    0.018887    0.008796
  360.0001    0.026372    0.036501    0.019057    0.019682    0.005347
  367.5001    0.024842    0.033340    0.016956    0.019894    0.001222
  375.0001    0.024184    0.030189    0.015706    0.019704   -0.002998
  382.5001    0.023966    0.028281    0.015232    0.019428   -0.006764
  390.0001    0.023330    0.027120    0.015188    0.018977   -0.009425
  397.5001    0.021783    0.025586    0.015497    0.017402   -0.010847
  405.0001    0.019333    0.023647    0.015551    0.014316   -0.011093
  412.5001    0.016698    0.021759    0.015050    0.010678   -0.011291
  420.0001    0.014628    0.020408    0.014479    0.007357   -0.012278
  427.5001    0.013332    0.020121    0.014016    0.005077   -0.013333
  435.0001    0.013235    0.020547    0.013370    0.003406   -0.013970
  442.5001    0.014081    0.021414    0.011670    0.002412   -0.014208
  450.0001    0.014334    0.022039    0.008829    0.001362   -0.013899
  457.5001    0.013586    0.022223    0.005709    0.000118   -0.012541
  465.0001    0.012047    0.022294    0.003773   -0.000758   -0.010287
  472.5001    0.010529    0.022315    0.003364   -0.000933   -0.009168
  480.0001    0.010505    0.022113    0.004190   -0.000918   -0.009434
  487.5001    0.012021    0.021065    0.005492   -0.000581   -0.010931
  495.0001    0.013250    0.018942    0.005961    0.000385   -0.012396
  502.5001    0.012966    0.016273    0.004603    0.001410   -0.013505
  510.0001    0.011504    0.014080    0.002605    0.001957   -0.014954
  517.5001    0.009517    0.012695    0.000796    0.002077   -0.016912
  525.0001    0.006879    0.012047   -0.000212    0.001799   -0.018861
  532.5001    0.004132    0.011818   -0.000818    0.001003   -0.019959
  540.0001    0.002356    0.011555   -0.002123   -0.000206   -0.019629
  547.5001    0.001901    0.010906   -0.003489   -0.001885   -0.017753
  555.0001    0.002167    0.009869   -0.004369   -0.003849   -0.015589
  562.5002    0.002469    0.008656   -0.004796   -0.005540   -0.014361
  570.0002    0.002668    0.007661   -0.005436   -0.006894   -0.015098
  577.5002    0.001950    0.007195   -0.006288   -0.008840   -0.017493
  585.0002    0.000580    0.007385   -0.005963   -0.012063   -0.020219
  592.5002   -0.000269    0.007677   -0.004432   -0.015175   -0.022587
  600.0002   -0.000234    0.007796   -0.002738   -0.016660   -0.024026
  607.5002    0.000041    0.007938   -0.002297   -0.015873   -0.024243
  615.0002   -0.000245    0.008672   -0.003596   -0.013082   -0.023161
  622.5002   -0.000767    0.009856   -0.005517   -0.010108   -0.021303
  630.0002   -0.001220    0.010465   -0.006876   -0.008176   -0.019343
  637.5002   -0.001438    0.009582   -0.008174   -0.007645   -0.017781
  645.0002   -0.001555    0.007242   -0.010090   -0.007998   -0.017119
  652.5002   -0.001806    0.004806   -0.012459   -0.007493   -0.017139
  660.0002   -0.002128    0.003602   -0.013711   -0.005943   -0.017224
  667.5002   -0.002618    0.002108   -0.012933   -0.004745   -0.016689
  675.0002   -0.003640   -0.000184   -0.010996   -0.004981   -0.015178
  682.5002   -0.005544   -0.002129   -0.009420   -0.006259   -0.013440
  690.0002   -0.008222   -0.002184   -0.008411   -0.007030   -0.012699
  697.5002   -0.010507   -0.000058   -0.007509   -0.007060   -0.013100
  705.0002   -0.010967    0.003061   -0.006429   -0.006920   -0.013909
  712.5002   -0.009705    0.006068   -0.005022   -0.007332   -0.015007
  720.0002   -0.006693    0.008585   -0.003253   -0.007805   -0.015968
  727.5002   -0.002713    0.009702   -0.001562   -0.007353   -0.016983
  735.0002    0.000798    0.009280   -0.000256   -0.005974   -0.018424
  742.5002    0.002725    0.008175    0.000568   -0.003983   -0.020060
  750.0002    0.003023    0.007452    0.000722   -0.002117   -0.020935
  757.5002    0.002943    0.006686    0.000076   -0.001033   -0.020772
  765.0002    0.002395    0.005596   -0.001342   -0.000978   -0.019833
  772.5002    0.001267    0.004672   -0.003575   -0.001362   -0.018262
  780.0002    0.000194    0.005143   -0.005955   -0.000850   -0.016367
  787.5002    0.000790    0.006692   -0.007176    0.000824   -0.014424
  795.0002    0.003145    0.007852   -0.007291    0.002825   -0.012486
  802.5002    0.004961    0.007386   -0.006758    0.003469   -0.011414
  810.0002    0.004286    0.005498   -0.006314    0.002406   -0.011713
  817.5002    0.002140    0.002972   -0.006003    0.000786   -0.012365
  825.0002    0.000601    0.001674   -0.006100   -0.000211   -0.012973
  832.5002    0.000798    0.002038   -0.006908   -0.000350   -0.013355
  840.0002    0.001586    0.003796   -0.007983   -0.000218   -0.013223
  847.5002    0.001644    0.005998   -0.008118    0.000436   -0.012041
  855.0002    0.001122    0.007934   -0.007449    0.000889   -0.010106
  862.5002    0.000879    0.009520   -0.006158    0.000414   -0.008278
  870.0002    0.001173    0.010934   -0.004790    0.000170   -0.007001
  877.5002    0.001498    0.012225   -0.004333    0.001781   -0.006125
  885.0002    0.001565    0.013070   -0.004577    0.004474   -0.005391
  892.5002    0.001449    0.013084   -0.005326    0.007454   -0.005145
  900.0002    0.002080    0.012168   -0.006362    0.009768   -0.005373
  907.5002    0.002973    0.011574   -0.006966    0.010977   -0.005831
  915.0002    0.003591    0.012514   -0.006502    0.010976   -0.006363
  922.5002    0.003566    0.014167   -0.005176    0.010042   -0.006652
  930.0002    0.002950    0.015729   -0.003467    0.008569   -0.006457
  937.5003    0.002396    0.016944   -0.001659    0.007382   -0.005443
  945.0003    0.002438    0.017782   -0.000144    0.006924   -0.003687
  952.5003    0.003508    0.018527    0.000441    0.006965   -0.001441
  960.0003    0.005277    0.019227    0.000374    0.007161    0.001019
  967.5003    0.006839    0.019524    0.000496    0.008491    0.002513
  975.0003    0.007742    0.019362    0.000706    0.011029    0.002433
  982.5003    0.007721    0.018985    0.000771    0.014445    0.001831
  990.0003    0.007187    0.018711    0.001539    0.018372    0.001429
  997.5003    0.007196    0.018208    0.003225    0.021612    0.001678
 1005.0003    0.008233    0.017398    0.005500    0.022516    0.003007
 1012.5003    0.009998    0.016960    0.008156    0.020830    0.005189
 1020.0003    0.011457    0.017646    0.010832    0.018147    0.007260
 1027.5003    0.012132    0.019012    0.012769    0.016321    0.008734
 1035.0003    0.012200    0.020593    0.013125    0.016023    0.009203
 1042.5003    0.012142    0.021974    0.011809    0.017126    0.008571
 1050.0003    0.011611    0.023014    0.009417    0.019000    0.007620
 1057.5003    0.010939    0.023627    0.006823    0.020713    0.007452
 1065.0003    0.011272    0.023709    0.004925    0.021643    0.008113
 1072.5003    0.012596    0.023461    0.003950    0.021932    0.008742
 1080.0003    0.013724    0.023256    0.003538    0.021735    0.009091
 1087.5003    0.013462    0.023185    0.003664    0.021006    0.009792
 1095.0003    0.011968    0.022648    0.004450    0.020124    0.010948
 1102.5003    0.010335    0.021507    0.005475    0.019741    0.011745
 1110.0003    0.009270    0.020406    0.005999    0.019437    0.011693
 1117.5003    0.009454    0.020123    0.005835    0.018465    0.010922
 1125.0003    0.011266    0.020760    0.005593    0.017198    0.009982
 1132.5003    0.014209    0.021455    0.005614    0.016215    0.009366
 1140.0003    0.016510    0.021866    0.005798    0.016136    0.009339
 1147.5003    0.016985    0.022021    0.006409    0.017196    0.009473
 1155.0003    0.016531    0.021715    0.007679    0.020023    0.009704
 1162.5003    0.015726    0.020665    0.008736    0.024186    0.010549
 1170.0003    0.013996    0.019173    0.008692    0.027272    0.012408
 1177.5003    0.011002    0.017540    0.007310    0.027407    0.014417
 1185.0003    0.007899    0.015965    0.004917    0.024957    0.014967
 1192.5003    0.006171    0.014930    0.002607    0.022174    0.013637
 1200.0003    0.006359    0.014538    0.001621    0.021257    0.011231
 1207.5003    0.007870    0.015268    0.002660    0.022414    0.009224
 1215.0003    0.009487    0.016719    0.004714    0.023607    0.008444
 1222.5003    0.009857    0.017891    0.006084    0.022877    0.008589
 1230.0003    0.008754    0.018310    0.006221    0.021086    0.008977
 1237.5003    0.007788    0.018188    0.005922    0.020323    0.009127
 1245.0003    0.008196    0.018126    0.006487    0.021394    0.008983
 1252.5003    0.009723    0.018454    0.008228    0.023714    0.008964
 1260.0003    0.011544    0.018527    0.010132    0.025991    0.009695
 1267.5003    0.012894    0.017679    0.010958    0.026151    0.010683
 1275.0003    0.013811    0.016720    0.010275    0.023747    0.010750
 1282.5003    0.013953    0.016540    0.009150    0.020800    0.009432
 1290.0003    0.012723    0.017119    0.008783    0.019535    0.007226
 1297.5003    0.010277    0.017893    0.009329    0.020079    0.005249
 1305.0004    0.008291    0.018204    0.009864    0.021404    0.004631
 1312.5004    0.007409    0.018391    0.009771    0.022172    0.005252
 1320.0004    0.007873    0.019192    0.008987    0.021472    0.006898
 1327.5004    0.008658    0.020372    0.007405    0.019896    0.008795
 1335.0004    0.009113    0.021235    0.005816    0.019395    0.009993
 1342.5004    0.009581    0.021545    0.005595    0.020017    0.010197
 1350.0004    0.010524    0.021249    0.007635    0.020978    0.010113
 1357.5004    0.011904    0.021076    0.010831    0.021080    0.010992
 1365.0004    0.012897    0.020836    0.013037    0.020669    0.012619
 1372.5004    0.012940    0.020454    0.013285    0.020877    0.014443
 1380.0004    0.012253    0.019995    0.011911    0.022281    0.015906
 1387.5004    0.011465    0.019965    0.010185    0.024629    0.017164
 1395.0004    0.010980    0.020123    0.009413    0.027125    0.018435
 1402.5004    0.010827    0.020003    0.009553    0.029063    0.019825
 1410.0004    0.011415    0.019282    0.009958    0.030616    0.021860
 1417.5004    0.012077    0.018662    0.009872    0.032095    0.023856
 1425.0004    0.012337    0.018620    0.009568    0.032195    0.024511
 1432.5004    0.012031    0.018779    0.009263    0.029793    0.023753
 1440.0004    0.011797    0.018613    0.008968    0.025208    0.022631
 1447.5004    0.012614    0.018167    0.008511    0.020662    0.021799
 1455.0004    0.014173    0.017989    0.007893    0.017908    0.020493
 1462.5004    0.015319    0.019047    0.007740    0.016846    0.018519
 1470.0004    0.015406    0.021132    0.008575    0.016718    0.015890
 1477.5004    0.014663    0.022666    0.010239    0.017125    0.013389
 1485.0004    0.014126    0.023518    0.012277    0.016797    0.011405
 1492.5004    0.014030    0.023661    0.013422    0.015797    0.009586
 1500.0004    0.014293    0.023660    0.013723    0.014453    0.008286
