HD183537     -3.03646     -7.81471     -25.8844
HD183537      7.20592      8.27268      6.87642
-1500.0004    0.000244    0.002994    0.008420
-1492.5004   -0.000106    0.001905    0.008177
-1485.0004   -0.000706    0.001581    0.008263
-1477.5004   -0.001849    0.002228    0.008808
-1470.0004   -0.003050    0.002905    0.009533
-1462.5004   -0.003531    0.002962    0.010092
-1455.0004   -0.003026    0.002755    0.010404
-1447.5004   -0.001947    0.002760    0.010424
-1440.0004   -0.001167    0.002952    0.010066
-1432.5004   -0.001034    0.003156    0.009697
-1425.0004   -0.000887    0.003220    0.009468
-1417.5004   -0.000217    0.003218    0.009280
-1410.0004    0.001168    0.003376    0.009290
-1402.5004    0.002999    0.003797    0.009589
-1395.0004    0.004962    0.004348    0.009755
-1387.5004    0.006795    0.004848    0.009363
-1380.0004    0.008129    0.005092    0.008822
-1372.5004    0.009101    0.005077    0.008979
-1365.0004    0.009472    0.004756    0.010068
-1357.5004    0.008784    0.004442    0.011307
-1350.0004    0.007034    0.004211    0.011937
-1342.5004    0.005041    0.004060    0.012078
-1335.0004    0.003581    0.003880    0.012224
-1327.5004    0.002854    0.003691    0.012319
-1320.0004    0.002583    0.003276    0.012212
-1312.5004    0.002397    0.002377    0.012055
-1305.0004    0.001981    0.001619    0.011848
-1297.5003    0.001439    0.001518    0.011679
-1290.0003    0.001046    0.001471    0.011235
-1282.5003    0.000698    0.000948    0.010266
-1275.0003    0.000358    0.000684    0.008838
-1267.5003    0.000005    0.000963    0.007609
-1260.0003   -0.000438    0.001254    0.007360
-1252.5003   -0.001298    0.001394    0.007835
-1245.0003   -0.002344    0.001268    0.008103
-1237.5003   -0.003127    0.000567    0.007485
-1230.0003   -0.003435   -0.000731    0.006387
-1222.5003   -0.002796   -0.001862    0.005572
-1215.0003   -0.001306   -0.002285    0.005580
-1207.5003    0.000195   -0.002168    0.006280
-1200.0003    0.001306   -0.001775    0.007165
-1192.5003    0.002375   -0.001078    0.007664
-1185.0003    0.003160   -0.000112    0.007735
-1177.5003    0.003283    0.000656    0.007629
-1170.0003    0.002569    0.000750    0.006972
-1162.5003    0.001027    0.000019    0.005744
-1155.0003   -0.001062   -0.001415    0.004657
-1147.5003   -0.003285   -0.003379    0.004280
-1140.0003   -0.005217   -0.005218    0.004641
-1132.5003   -0.006081   -0.006221    0.004926
-1125.0003   -0.006071   -0.006360    0.004300
-1117.5003   -0.005821   -0.006114    0.002828
-1110.0003   -0.005721   -0.006048    0.001085
-1102.5003   -0.005529   -0.006469   -0.000371
-1095.0003   -0.004533   -0.006983   -0.000911
-1087.5003   -0.002375   -0.006961   -0.000073
-1080.0003    0.000016   -0.006393    0.001488
-1072.5003    0.001389   -0.005505    0.002464
-1065.0003    0.001984   -0.004343    0.002752
-1057.5003    0.002603   -0.003016    0.003049
-1050.0003    0.003364   -0.001919    0.003855
-1042.5003    0.003514   -0.001706    0.004907
-1035.0003    0.002498   -0.002710    0.005191
-1027.5003    0.000692   -0.004574    0.004222
-1020.0003   -0.001252   -0.006409    0.002117
-1012.5003   -0.002943   -0.007665   -0.000352
-1005.0003   -0.004538   -0.008631   -0.002200
 -997.5003   -0.006442   -0.009651   -0.003183
 -990.0003   -0.008491   -0.010605   -0.003578
 -982.5003   -0.010114   -0.011433   -0.003896
 -975.0003   -0.011247   -0.012593   -0.004281
 -967.5003   -0.012517   -0.014307   -0.005006
 -960.0003   -0.013826   -0.016451   -0.006300
 -952.5003   -0.014391   -0.018313   -0.007724
 -945.0003   -0.013872   -0.019174   -0.008213
 -937.5003   -0.012918   -0.018936   -0.008033
 -930.0002   -0.012512   -0.018367   -0.008025
 -922.5002   -0.012988   -0.018220   -0.008639
 -915.0002   -0.014053   -0.018673   -0.009734
 -907.5002   -0.014860   -0.019622   -0.011212
 -900.0002   -0.014679   -0.021038   -0.012942
 -892.5002   -0.013891   -0.022246   -0.014515
 -885.0002   -0.013742   -0.023050   -0.015660
 -877.5002   -0.014600   -0.023975   -0.016632
 -870.0002   -0.016542   -0.025147   -0.017823
 -862.5002   -0.018889   -0.025939   -0.019359
 -855.0002   -0.020828   -0.026239   -0.020831
 -847.5002   -0.021787   -0.026712   -0.021782
 -840.0002   -0.021916   -0.027804   -0.022185
 -832.5002   -0.022043   -0.029093   -0.022630
 -825.0002   -0.023095   -0.030034   -0.023990
 -817.5002   -0.025270   -0.030684   -0.026229
 -810.0002   -0.027798   -0.031360   -0.028348
 -802.5002   -0.030060   -0.032276   -0.029388
 -795.0002   -0.031821   -0.033490   -0.029367
 -787.5002   -0.033508   -0.034938   -0.028833
 -780.0002   -0.035294   -0.036135   -0.028171
 -772.5002   -0.036967   -0.036929   -0.027682
 -765.0002   -0.038440   -0.037745   -0.027713
 -757.5002   -0.039740   -0.038683   -0.028392
 -750.0002   -0.040605   -0.039268   -0.029514
 -742.5002   -0.040733   -0.039334   -0.030837
 -735.0002   -0.040740   -0.039312   -0.032172
 -727.5002   -0.041698   -0.039672   -0.033452
 -720.0002   -0.043756   -0.040327   -0.034720
 -712.5002   -0.046016   -0.040896   -0.035920
 -705.0002   -0.047644   -0.041657   -0.036741
 -697.5002   -0.048069   -0.042798   -0.036911
 -690.0002   -0.047722   -0.043842   -0.036537
 -682.5002   -0.047490   -0.044216   -0.036006
 -675.0002   -0.047643   -0.044083   -0.036038
 -667.5002   -0.047698   -0.044023   -0.036972
 -660.0002   -0.047589   -0.044160   -0.038448
 -652.5002   -0.047981   -0.044372   -0.040124
 -645.0002   -0.049029   -0.044639   -0.041978
 -637.5002   -0.050244   -0.045125   -0.043941
 -630.0002   -0.050998   -0.045720   -0.045624
 -622.5002   -0.051045   -0.046248   -0.046716
 -615.0002   -0.050511   -0.046389   -0.047022
 -607.5002   -0.049639   -0.045935   -0.046533
 -600.0002   -0.048368   -0.045163   -0.045296
 -592.5002   -0.046319   -0.044361   -0.043485
 -585.0002   -0.043380   -0.043247   -0.041293
 -577.5002   -0.040463   -0.041421   -0.038966
 -570.0002   -0.038440   -0.039367   -0.037078
 -562.5002   -0.037487   -0.038381   -0.036444
 -555.0001   -0.037004   -0.038803   -0.036859
 -547.5001   -0.036859   -0.039577   -0.037113
 -540.0001   -0.037130   -0.039834   -0.036694
 -532.5001   -0.037425   -0.039709   -0.036293
 -525.0001   -0.037322   -0.039398   -0.036315
 -517.5001   -0.036657   -0.038832   -0.036653
 -510.0001   -0.035821   -0.038040   -0.036866
 -502.5001   -0.035175   -0.037337   -0.036586
 -495.0001   -0.034892   -0.037100   -0.035600
 -487.5001   -0.034496   -0.037301   -0.034313
 -480.0001   -0.033608   -0.037513   -0.033106
 -472.5001   -0.032609   -0.037459   -0.031635
 -465.0001   -0.032112   -0.037204   -0.029843
 -457.5001   -0.031791   -0.037012   -0.028371
 -450.0001   -0.031195   -0.036735   -0.027764
 -442.5001   -0.030440   -0.036173   -0.028005
 -435.0001   -0.029490   -0.035493   -0.028573
 -427.5001   -0.028394   -0.034537   -0.028918
 -420.0001   -0.027047   -0.033080   -0.028955
 -412.5001   -0.025364   -0.031120   -0.028666
 -405.0001   -0.023721   -0.028836   -0.027988
 -397.5001   -0.022180   -0.026464   -0.026575
 -390.0001   -0.020779   -0.024084   -0.024104
 -382.5001   -0.019561   -0.021964   -0.021088
 -375.0001   -0.018273   -0.020160   -0.018444
 -367.5001   -0.016723   -0.018578   -0.016755
 -360.0001   -0.014868   -0.016905   -0.015845
 -352.5001   -0.012476   -0.014909   -0.015052
 -345.0001   -0.009120   -0.012376   -0.013694
 -337.5001   -0.004800   -0.009138   -0.011319
 -330.0001   -0.000137   -0.005251   -0.008266
 -322.5001    0.004346   -0.001136   -0.004818
 -315.0001    0.008476    0.002567   -0.000921
 -307.5001    0.012326    0.005695    0.003288
 -300.0001    0.016072    0.008817    0.007243
 -292.5001    0.019776    0.012336    0.010905
 -285.0001    0.022969    0.016157    0.014560
 -277.5001    0.025548    0.019966    0.018186
 -270.0001    0.027833    0.023355    0.021265
 -262.5001    0.029901    0.025981    0.023441
 -255.0001    0.032375    0.028186    0.025294
 -247.5001    0.035693    0.030743    0.027920
 -240.0001    0.039613    0.033980    0.031816
 -232.5001    0.043404    0.037438    0.036554
 -225.0001    0.046987    0.041036    0.041571
 -217.5001    0.050802    0.045137    0.046681
 -210.0001    0.055461    0.049505    0.051998
 -202.5001    0.060571    0.053697    0.057746
 -195.0001    0.065410    0.057499    0.063559
 -187.5001    0.069335    0.061272    0.068657
 -180.0000    0.072288    0.065323    0.072638
 -172.5000    0.075417    0.069519    0.076279
 -165.0000    0.079592    0.073728    0.080840
 -157.5000    0.084010    0.078310    0.086695
 -150.0000    0.087890    0.083000    0.093181
 -142.5000    0.090966    0.086964    0.098849
 -135.0000    0.093429    0.089926    0.102861
 -127.5000    0.095303    0.092449    0.105474
 -120.0000    0.096928    0.095482    0.107652
 -112.5000    0.098776    0.099195    0.110107
 -105.0000    0.100988    0.103033    0.113155
  -97.5000    0.103507    0.106845    0.116669
  -90.0000    0.106252    0.111067    0.119958
  -82.5000    0.108631    0.115778    0.122161
  -75.0000    0.110294    0.120119    0.123141
  -67.5000    0.111470    0.123004    0.123458
  -60.0000    0.113202    0.124259    0.123617
  -52.5000    0.115907    0.124619    0.124384
  -45.0000    0.119375    0.124782    0.126113
  -37.5000    0.123131    0.125085    0.127935
  -30.0000    0.126453    0.125702    0.128987
  -22.5000    0.129012    0.126667    0.128965
  -15.0000    0.130868    0.127607    0.128114
   -7.5000    0.131933    0.127927    0.126743
    0.0000    0.131960    0.127511    0.125100
    7.5000    0.130981    0.126581    0.123130
   15.0000    0.129693    0.125378    0.121205
   22.5000    0.128650    0.124116    0.119604
   30.0000    0.127967    0.122790    0.118405
   37.5000    0.127095    0.121128    0.117211
   45.0000    0.125767    0.118955    0.115497
   52.5000    0.124265    0.116543    0.113375
   60.0000    0.122930    0.114095    0.111011
   67.5000    0.121765    0.111295    0.108559
   75.0000    0.120374    0.107898    0.106003
   82.5000    0.118591    0.104312    0.103199
   90.0000    0.116548    0.100803    0.100110
   97.5000    0.114546    0.097521    0.097004
  105.0000    0.112896    0.094878    0.094283
  112.5000    0.111264    0.092733    0.091826
  120.0000    0.109324    0.090665    0.089521
  127.5000    0.106900    0.088275    0.087464
  135.0000    0.104391    0.085682    0.085494
  142.5000    0.102000    0.082913    0.083115
  150.0000    0.099403    0.079945    0.080631
  157.5000    0.096423    0.076885    0.078810
  165.0000    0.092821    0.074088    0.077628
  172.5000    0.089192    0.071216    0.076153
  180.0000    0.085978    0.067966    0.073765
  187.5001    0.083186    0.064488    0.070651
  195.0001    0.080500    0.061405    0.067656
  202.5001    0.077802    0.059026    0.065361
  210.0001    0.075133    0.056921    0.063396
  217.5001    0.072570    0.055000    0.060926
  225.0001    0.069689    0.053792    0.057964
  232.5001    0.066229    0.053215    0.055348
  240.0001    0.062311    0.052407    0.053605
  247.5001    0.058734    0.050564    0.052191
  255.0001    0.055732    0.047552    0.050079
  262.5001    0.053395    0.043658    0.046815
  270.0001    0.051469    0.039483    0.043024
  277.5001    0.049248    0.035711    0.039893
  285.0001    0.046680    0.032405    0.037836
  292.5001    0.044202    0.029186    0.036396
  300.0001    0.041874    0.026204    0.034926
  307.5001    0.039620    0.023869    0.033379
  315.0001    0.037652    0.022842    0.031749
  322.5001    0.035954    0.023210    0.029740
  330.0001    0.034536    0.023968    0.027368
  337.5001    0.033264    0.023788    0.024912
  345.0001    0.032302    0.022232    0.022769
  352.5001    0.031798    0.020004    0.020898
  360.0001    0.031397    0.017725    0.019392
  367.5001    0.030676    0.015921    0.018824
  375.0001    0.029338    0.014616    0.018980
  382.5001    0.027411    0.013460    0.018863
  390.0001    0.025189    0.012289    0.017861
  397.5001    0.023064    0.011009    0.015969
  405.0001    0.021371    0.009448    0.013460
  412.5001    0.019997    0.007705    0.010762
  420.0001    0.018849    0.006110    0.008266
  427.5001    0.017711    0.004878    0.006211
  435.0001    0.015881    0.003698    0.004552
  442.5001    0.013162    0.002295    0.002634
  450.0001    0.010121    0.000865    0.000167
  457.5001    0.007746   -0.000341   -0.002849
  465.0001    0.006233   -0.001253   -0.005749
  472.5001    0.005244   -0.002202   -0.007774
  480.0001    0.004084   -0.003488   -0.008949
  487.5001    0.002405   -0.005217   -0.009814
  495.0001    0.000770   -0.007074   -0.010932
  502.5001   -0.000410   -0.008585   -0.011777
  510.0001   -0.001074   -0.009563   -0.011778
  517.5001   -0.001367   -0.010362   -0.011210
  525.0001   -0.001830   -0.011108   -0.011102
  532.5001   -0.003224   -0.012135   -0.011860
  540.0001   -0.005531   -0.013704   -0.013172
  547.5001   -0.008051   -0.015598   -0.014529
  555.0001   -0.010635   -0.017455   -0.015810
  562.5002   -0.013497   -0.018814   -0.017369
  570.0002   -0.016905   -0.019458   -0.019341
  577.5002   -0.019985   -0.019969   -0.021115
  585.0002   -0.021785   -0.020964   -0.022178
  592.5002   -0.021910   -0.022412   -0.022749
  600.0002   -0.021269   -0.023802   -0.023354
  607.5002   -0.021336   -0.025108   -0.024290
  615.0002   -0.022460   -0.026488   -0.025671
  622.5002   -0.023834   -0.027975   -0.026993
  630.0002   -0.024535   -0.029359   -0.027802
  637.5002   -0.024696   -0.030352   -0.028099
  645.0002   -0.025078   -0.030818   -0.028314
  652.5002   -0.025806   -0.030599   -0.028634
  660.0002   -0.026618   -0.029856   -0.029216
  667.5002   -0.027645   -0.029102   -0.030296
  675.0002   -0.028745   -0.029013   -0.031971
  682.5002   -0.029486   -0.029657   -0.033912
  690.0002   -0.029432   -0.030569   -0.035237
  697.5002   -0.028864   -0.031484   -0.035973
  705.0002   -0.028674   -0.032526   -0.036865
  712.5002   -0.029498   -0.033790   -0.038293
  720.0002   -0.030883   -0.035200   -0.039625
  727.5002   -0.032211   -0.036657   -0.040242
  735.0002   -0.033221   -0.038325   -0.040444
  742.5002   -0.033784   -0.039881   -0.041055
  750.0002   -0.033890   -0.041224   -0.042162
  757.5002   -0.033343   -0.042472   -0.043098
  765.0002   -0.032274   -0.043403   -0.043511
  772.5002   -0.031445   -0.043719   -0.043577
  780.0002   -0.031137   -0.043558   -0.043814
  787.5002   -0.031243   -0.043214   -0.044161
  795.0002   -0.031212   -0.042905   -0.044542
  802.5002   -0.030887   -0.042474   -0.045153
  810.0002   -0.030621   -0.041951   -0.046019
  817.5002   -0.030460   -0.041524   -0.046509
  825.0002   -0.030353   -0.041309   -0.046242
  832.5002   -0.030185   -0.041243   -0.045094
  840.0002   -0.030210   -0.041040   -0.043587
  847.5002   -0.030416   -0.040670   -0.042540
  855.0002   -0.030362   -0.040120   -0.042290
  862.5002   -0.029890   -0.039606   -0.042810
  870.0002   -0.028969   -0.039464   -0.043698
  877.5002   -0.027909   -0.039695   -0.044289
  885.0002   -0.027278   -0.039765   -0.044217
  892.5002   -0.027423   -0.039456   -0.043927
  900.0002   -0.027968   -0.038833   -0.043898
  907.5002   -0.028502   -0.038350   -0.044059
  915.0002   -0.028905   -0.038209   -0.044274
  922.5002   -0.028910   -0.038118   -0.044308
  930.0002   -0.028702   -0.037532   -0.043761
  937.5003   -0.028323   -0.036512   -0.042514
  945.0003   -0.027594   -0.035359   -0.041174
  952.5003   -0.026519   -0.034214   -0.039885
  960.0003   -0.025567   -0.033200   -0.038331
  967.5003   -0.025061   -0.032648   -0.036837
  975.0003   -0.024702   -0.032657   -0.035683
  982.5003   -0.024426   -0.032669   -0.034847
  990.0003   -0.024045   -0.032063   -0.034202
  997.5003   -0.023036   -0.030738   -0.033522
 1005.0003   -0.021396   -0.029102   -0.032882
 1012.5003   -0.020276   -0.027745   -0.032424
 1020.0003   -0.020333   -0.027319   -0.032438
 1027.5003   -0.020860   -0.027861   -0.033260
 1035.0003   -0.021137   -0.028657   -0.034655
 1042.5003   -0.021181   -0.029119   -0.036086
 1050.0003   -0.021002   -0.029149   -0.036902
 1057.5003   -0.020436   -0.028842   -0.036359
 1065.0003   -0.019592   -0.028299   -0.034329
 1072.5003   -0.018916   -0.027569   -0.031731
 1080.0003   -0.018556   -0.026734   -0.029731
 1087.5003   -0.018146   -0.025741   -0.028638
 1095.0003   -0.017511   -0.024588   -0.028103
 1102.5003   -0.017026   -0.023503   -0.028035
 1110.0003   -0.016770   -0.022753   -0.028707
 1117.5003   -0.016395   -0.022612   -0.029923
 1125.0003   -0.015437   -0.022728   -0.030952
 1132.5003   -0.013974   -0.022473   -0.031029
 1140.0003   -0.012401   -0.021922   -0.030022
 1147.5003   -0.011363   -0.021389   -0.028340
 1155.0003   -0.011001   -0.020759   -0.026601
 1162.5003   -0.010939   -0.019822   -0.025070
 1170.0003   -0.010508   -0.018822   -0.023639
 1177.5003   -0.009787   -0.017890   -0.022476
 1185.0003   -0.009052   -0.016538   -0.021703
 1192.5003   -0.008612   -0.014487   -0.020923
 1200.0003   -0.008452   -0.012330   -0.019761
 1207.5003   -0.007617   -0.010345   -0.018126
 1215.0003   -0.006174   -0.008281   -0.016082
 1222.5003   -0.004871   -0.006412   -0.013912
 1230.0003   -0.004047   -0.005126   -0.012200
 1237.5003   -0.003638   -0.004424   -0.011170
 1245.0003   -0.003498   -0.004176   -0.010620
 1252.5003   -0.003711   -0.004186   -0.010639
 1260.0003   -0.004381   -0.004287   -0.011318
 1267.5003   -0.005227   -0.004203   -0.012187
 1275.0003   -0.005846   -0.004206   -0.012762
 1282.5003   -0.006044   -0.004955   -0.013264
 1290.0003   -0.005636   -0.006546   -0.013841
 1297.5003   -0.004765   -0.007934   -0.013998
 1305.0004   -0.003735   -0.007871   -0.013367
 1312.5004   -0.002565   -0.006486   -0.011997
 1320.0004   -0.001232   -0.005000   -0.010511
 1327.5004   -0.000172   -0.004135   -0.009422
 1335.0004    0.000316   -0.003652   -0.009023
 1342.5004    0.000171   -0.002981   -0.008979
 1350.0004   -0.000016   -0.002498   -0.008867
 1357.5004   -0.000295   -0.002581   -0.008537
 1365.0004   -0.000781   -0.003071   -0.008443
 1372.5004   -0.001400   -0.003380   -0.008709
 1380.0004   -0.001514   -0.003173   -0.009337
 1387.5004   -0.000445   -0.002417   -0.010199
 1395.0004    0.001391   -0.001825   -0.010850
 1402.5004    0.002871   -0.001938   -0.010938
 1410.0004    0.002980   -0.002389   -0.010298
 1417.5004    0.001630   -0.002723   -0.009476
 1425.0004   -0.000244   -0.002928   -0.008848
 1432.5004   -0.001544   -0.003340   -0.008724
 1440.0004   -0.002319   -0.003858   -0.008869
 1447.5004   -0.003212   -0.004081   -0.008819
 1455.0004   -0.004190   -0.003728   -0.008579
 1462.5004   -0.004704   -0.003331   -0.008462
 1470.0004   -0.004692   -0.003504   -0.008886
 1477.5004   -0.004681   -0.004100   -0.009839
 1485.0004   -0.004526   -0.004827   -0.010777
 1492.5004   -0.004276   -0.005444   -0.010970
 1500.0004   -0.004186   -0.005736   -0.010244
