HD194335      52.9297      41.8707     -87.7690
HD194335      1.58928      1.76686      1.61725
-1500.0004   -0.008720   -0.007817   -0.021549
-1492.5004   -0.008599   -0.008471   -0.021889
-1485.0004   -0.010474   -0.009792   -0.022429
-1477.5004   -0.013414   -0.011214   -0.023837
-1470.0004   -0.016133   -0.012626   -0.026069
-1462.5004   -0.017470   -0.014164   -0.028254
-1455.0004   -0.017874   -0.015569   -0.029217
-1447.5004   -0.018890   -0.017038   -0.028868
-1440.0004   -0.020460   -0.018431   -0.027497
-1432.5004   -0.021566   -0.019764   -0.026045
-1425.0004   -0.021111   -0.020416   -0.025822
-1417.5004   -0.020093   -0.020786   -0.027250
-1410.0004   -0.019649   -0.021262   -0.029355
-1402.5004   -0.020243   -0.022379   -0.030528
-1395.0004   -0.021577   -0.023934   -0.030382
-1387.5004   -0.022569   -0.024977   -0.030009
-1380.0004   -0.022178   -0.024965   -0.030004
-1372.5004   -0.020579   -0.024336   -0.030461
-1365.0004   -0.018638   -0.023574   -0.031174
-1357.5004   -0.016688   -0.023130   -0.032028
-1350.0004   -0.015108   -0.022059   -0.032789
-1342.5004   -0.014080   -0.020149   -0.033452
-1335.0004   -0.013506   -0.017950   -0.033503
-1327.5004   -0.013637   -0.017352   -0.032746
-1320.0004   -0.014778   -0.018766   -0.031529
-1312.5004   -0.016754   -0.021031   -0.030341
-1305.0004   -0.019299   -0.022724   -0.029594
-1297.5003   -0.022164   -0.023395   -0.029503
-1290.0003   -0.024922   -0.022850   -0.029555
-1282.5003   -0.026808   -0.022069   -0.028322
-1275.0003   -0.026289   -0.021765   -0.025693
-1267.5003   -0.023558   -0.021555   -0.023058
-1260.0003   -0.020315   -0.021112   -0.022208
-1252.5003   -0.018673   -0.020855   -0.024214
-1245.0003   -0.019425   -0.020998   -0.027345
-1237.5003   -0.021015   -0.021269   -0.028707
-1230.0003   -0.020639   -0.021867   -0.027262
-1222.5003   -0.018455   -0.023545   -0.024946
-1215.0003   -0.016964   -0.025690   -0.024384
-1207.5003   -0.018211   -0.026723   -0.025600
-1200.0003   -0.021234   -0.026638   -0.027463
-1192.5003   -0.024456   -0.026814   -0.028455
-1185.0003   -0.026288   -0.028151   -0.028093
-1177.5003   -0.026049   -0.030346   -0.027142
-1170.0003   -0.024379   -0.031821   -0.027242
-1162.5003   -0.022311   -0.031308   -0.028336
-1155.0003   -0.020414   -0.028676   -0.029173
-1147.5003   -0.018597   -0.024768   -0.028741
-1140.0003   -0.016980   -0.020285   -0.027470
-1132.5003   -0.016085   -0.015885   -0.026356
-1125.0003   -0.015927   -0.012559   -0.026678
-1117.5003   -0.016064   -0.010248   -0.028888
-1110.0003   -0.016447   -0.008743   -0.031977
-1102.5003   -0.016992   -0.008744   -0.033839
-1095.0003   -0.017515   -0.010386   -0.034059
-1087.5003   -0.016752   -0.012856   -0.033358
-1080.0003   -0.014795   -0.015085   -0.033173
-1072.5003   -0.012672   -0.016930   -0.033646
-1065.0003   -0.011577   -0.017956   -0.033821
-1057.5003   -0.011178   -0.017289   -0.032546
-1050.0003   -0.010651   -0.014091   -0.029849
-1042.5003   -0.009682   -0.008844   -0.026378
-1035.0003   -0.008444   -0.003366   -0.023429
-1027.5003   -0.006536   -0.000053   -0.021974
-1020.0003   -0.004634    0.000141   -0.022377
-1012.5003   -0.003920   -0.002493   -0.023550
-1005.0003   -0.005343   -0.006541   -0.024057
 -997.5003   -0.008405   -0.010724   -0.023599
 -990.0003   -0.011678   -0.014949   -0.022145
 -982.5003   -0.014226   -0.018632   -0.020020
 -975.0003   -0.016013   -0.021396   -0.017818
 -967.5003   -0.017052   -0.023399   -0.016066
 -960.0003   -0.016852   -0.024371   -0.015084
 -952.5003   -0.015112   -0.023948   -0.015266
 -945.0003   -0.012662   -0.022330   -0.017009
 -937.5003   -0.010600   -0.020085   -0.019828
 -930.0002   -0.009296   -0.017913   -0.022752
 -922.5002   -0.009071   -0.015923   -0.024961
 -915.0002   -0.009444   -0.014116   -0.026281
 -907.5002   -0.009650   -0.012870   -0.027578
 -900.0002   -0.009722   -0.012137   -0.028534
 -892.5002   -0.010778   -0.011699   -0.028501
 -885.0002   -0.013229   -0.011056   -0.027301
 -877.5002   -0.015063   -0.009960   -0.024824
 -870.0002   -0.014846   -0.008987   -0.020439
 -862.5002   -0.012572   -0.009198   -0.015643
 -855.0002   -0.009718   -0.010273   -0.012163
 -847.5002   -0.007468   -0.011251   -0.011020
 -840.0002   -0.006085   -0.012176   -0.011688
 -832.5002   -0.005732   -0.012991   -0.012752
 -825.0002   -0.005480   -0.013432   -0.012466
 -817.5002   -0.004893   -0.012970   -0.010594
 -810.0002   -0.004141   -0.011436   -0.008387
 -802.5002   -0.002722   -0.009876   -0.007443
 -795.0002   -0.000647   -0.009155   -0.007876
 -787.5002    0.001882   -0.009471   -0.008355
 -780.0002    0.004293   -0.009484   -0.008444
 -772.5002    0.006601   -0.007898   -0.008471
 -765.0002    0.008684   -0.005600   -0.009516
 -757.5002    0.009537   -0.004265   -0.010852
 -750.0002    0.008302   -0.004090   -0.010312
 -742.5002    0.005452   -0.003800   -0.007213
 -735.0002    0.002959   -0.002608   -0.003762
 -727.5002    0.001991   -0.000679   -0.001687
 -720.0002    0.002531    0.001572   -0.000366
 -712.5002    0.004393    0.004155    0.001693
 -705.0002    0.007294    0.006457    0.005165
 -697.5002    0.010046    0.007524    0.008608
 -690.0002    0.011926    0.006609    0.010910
 -682.5002    0.013360    0.003979    0.012160
 -675.0002    0.014942    0.002173    0.013016
 -667.5002    0.016734    0.002178    0.013749
 -660.0002    0.018242    0.003384    0.013959
 -652.5002    0.019310    0.004850    0.013211
 -645.0002    0.020175    0.006189    0.011729
 -637.5002    0.020632    0.007187    0.011169
 -630.0002    0.020531    0.008281    0.012443
 -622.5002    0.020648    0.009901    0.015278
 -615.0002    0.021742    0.011635    0.018095
 -607.5002    0.022914    0.013480    0.019099
 -600.0002    0.022581    0.016131    0.018671
 -592.5002    0.021213    0.019262    0.019119
 -585.0002    0.020507    0.021551    0.021408
 -577.5002    0.021583    0.021578    0.024064
 -570.0002    0.023201    0.019052    0.025371
 -562.5002    0.023990    0.015117    0.024236
 -555.0001    0.023434    0.011494    0.021452
 -547.5001    0.022789    0.009605    0.018119
 -540.0001    0.023055    0.009586    0.014965
 -532.5001    0.024091    0.010948    0.012946
 -525.0001    0.026057    0.012893    0.013070
 -517.5001    0.028708    0.014424    0.014851
 -510.0001    0.030788    0.015355    0.016946
 -502.5001    0.031171    0.016298    0.017985
 -495.0001    0.029841    0.017678    0.017621
 -487.5001    0.028337    0.018772    0.016108
 -480.0001    0.027407    0.018411    0.013849
 -472.5001    0.027337    0.016422    0.011631
 -465.0001    0.028330    0.013485    0.010365
 -457.5001    0.030139    0.010573    0.010519
 -450.0001    0.032029    0.008445    0.011979
 -442.5001    0.032686    0.007685    0.014055
 -435.0001    0.031483    0.008573    0.015282
 -427.5001    0.028868    0.011034    0.015321
 -420.0001    0.025775    0.013460    0.015065
 -412.5001    0.022300    0.014566    0.015375
 -405.0001    0.018936    0.014373    0.015879
 -397.5001    0.015969    0.014006    0.016379
 -390.0001    0.014269    0.014283    0.016753
 -382.5001    0.014642    0.014439    0.017537
 -375.0001    0.017041    0.014279    0.018982
 -367.5001    0.020121    0.013531    0.020482
 -360.0001    0.022231    0.012960    0.021349
 -352.5001    0.022748    0.013413    0.020887
 -345.0001    0.022418    0.014659    0.019132
 -337.5001    0.021716    0.016207    0.016462
 -330.0001    0.021101    0.017760    0.014414
 -322.5001    0.020291    0.019631    0.013786
 -315.0001    0.019258    0.021604    0.014137
 -307.5001    0.018739    0.023562    0.015179
 -300.0001    0.019478    0.024746    0.017353
 -292.5001    0.020814    0.024778    0.021050
 -285.0001    0.021918    0.024137    0.025551
 -277.5001    0.022880    0.024389    0.029610
 -270.0001    0.024344    0.025275    0.031819
 -262.5001    0.026061    0.024937    0.031594
 -255.0001    0.027044    0.023309    0.029189
 -247.5001    0.026349    0.021674    0.025628
 -240.0001    0.024624    0.020443    0.022202
 -232.5001    0.023518    0.019658    0.019994
 -225.0001    0.024529    0.019300    0.018782
 -217.5001    0.026984    0.020184    0.018219
 -210.0001    0.029305    0.022777    0.018863
 -202.5001    0.029893    0.026217    0.022410
 -195.0001    0.028949    0.029073    0.028220
 -187.5001    0.028048    0.030490    0.033612
 -180.0000    0.028367    0.031233    0.036076
 -172.5000    0.029830    0.032846    0.035477
 -165.0000    0.031746    0.035883    0.032975
 -157.5000    0.033134    0.039894    0.030011
 -150.0000    0.034354    0.043336    0.028544
 -142.5000    0.035849    0.043920    0.030857
 -135.0000    0.037434    0.041546    0.037343
 -127.5000    0.038508    0.037847    0.045710
 -120.0000    0.039230    0.034700    0.056026
 -112.5000    0.039699    0.033376    0.071334
 -105.0000    0.040123    0.034555    0.094032
  -97.5000    0.040571    0.037718    0.119391
  -90.0000    0.041898    0.041690    0.135231
  -82.5000    0.044743    0.045556    0.131805
  -75.0000    0.048266    0.049061    0.111376
  -67.5000    0.051109    0.052373    0.086506
  -60.0000    0.052218    0.055937    0.068454
  -52.5000    0.051726    0.058822    0.059236
  -45.0000    0.050994    0.059510    0.054471
  -37.5000    0.051806    0.057708    0.050774
  -30.0000    0.053806    0.054673    0.047792
  -22.5000    0.055377    0.051243    0.046234
  -15.0000    0.055652    0.047818    0.047232
   -7.5000    0.055198    0.045520    0.049863
    0.0000    0.055774    0.045779    0.052100
    7.5000    0.058305    0.050292    0.052330
   15.0000    0.062256    0.061958    0.051530
   22.5000    0.068921    0.082246    0.050797
   30.0000    0.082678    0.107055    0.050740
   37.5000    0.104995    0.125146    0.050722
   45.0000    0.128493    0.125622    0.049769
   52.5000    0.139541    0.108634    0.047924
   60.0000    0.130887    0.085586    0.046742
   67.5000    0.108372    0.068252    0.046868
   75.0000    0.084818    0.058720    0.047213
   82.5000    0.068382    0.052461    0.047484
   90.0000    0.058055    0.046248    0.048335
   97.5000    0.050599    0.040232    0.049300
  105.0000    0.045142    0.035457    0.049003
  112.5000    0.041880    0.032519    0.046182
  120.0000    0.040477    0.031064    0.041508
  127.5000    0.040081    0.029517    0.037273
  135.0000    0.039718    0.027848    0.035441
  142.5000    0.038585    0.026836    0.036506
  150.0000    0.037278    0.026351    0.038891
  157.5000    0.036388    0.025464    0.039385
  165.0000    0.036002    0.023965    0.037104
  172.5000    0.035308    0.022071    0.034125
  180.0000    0.033429    0.020580    0.032184
  187.5001    0.030279    0.020132    0.031438
  195.0001    0.028072    0.020620    0.031763
  202.5001    0.027817    0.021152    0.032116
  210.0001    0.028290    0.021192    0.031877
  217.5001    0.027544    0.021185    0.030891
  225.0001    0.025736    0.020973    0.029013
  232.5001    0.024466    0.020028    0.026352
  240.0001    0.024438    0.018363    0.023705
  247.5001    0.024629    0.016578    0.022269
  255.0001    0.024654    0.016199    0.022101
  262.5001    0.025030    0.018170    0.022457
  270.0001    0.026517    0.021032    0.022662
  277.5001    0.028677    0.022048    0.022645
  285.0001    0.029938    0.020730    0.022445
  292.5001    0.029018    0.018839    0.021306
  300.0001    0.025874    0.018099    0.018369
  307.5001    0.022092    0.018260    0.014079
  315.0001    0.018741    0.017517    0.009594
  322.5001    0.016486    0.014942    0.006550
  330.0001    0.015356    0.010761    0.005618
  337.5001    0.014634    0.006774    0.006440
  345.0001    0.013345    0.004409    0.008071
  352.5001    0.011042    0.003887    0.009371
  360.0001    0.008797    0.004591    0.009860
  367.5001    0.007522    0.006071    0.009516
  375.0001    0.007083    0.006878    0.008488
  382.5001    0.006924    0.006638    0.006658
  390.0001    0.006591    0.005286    0.003562
  397.5001    0.005831    0.003336    0.000375
  405.0001    0.004665    0.001642   -0.001345
  412.5001    0.003567    0.000249   -0.000596
  420.0001    0.003905   -0.001176    0.001533
  427.5001    0.006613   -0.002519    0.003779
  435.0001    0.009686   -0.003258    0.005350
  442.5001    0.010681   -0.002961    0.006400
  450.0001    0.010091   -0.001307    0.007324
  457.5001    0.010260    0.001693    0.008589
  465.0001    0.012028    0.004896    0.010467
  472.5001    0.014829    0.007215    0.012498
  480.0001    0.016877    0.008018    0.013608
  487.5001    0.017205    0.008014    0.013228
  495.0001    0.016133    0.008430    0.012207
  502.5001    0.015223    0.009715    0.011112
  510.0001    0.014504    0.011635    0.010368
  517.5001    0.013597    0.013358    0.009917
  525.0001    0.012586    0.014110    0.009364
  532.5001    0.012493    0.013996    0.008924
  540.0001    0.014028    0.013220    0.009329
  547.5001    0.016998    0.012012    0.010291
  555.0001    0.019979    0.010996    0.010337
  562.5002    0.021761    0.011098    0.009550
  570.0002    0.021823    0.012854    0.009100
  577.5002    0.020192    0.015412    0.010230
  585.0002    0.017226    0.018186    0.012532
  592.5002    0.014525    0.021102    0.014956
  600.0002    0.013305    0.023886    0.015876
  607.5002    0.013823    0.025140    0.014421
  615.0002    0.015990    0.024569    0.011529
  622.5002    0.019126    0.022242    0.009019
  630.0002    0.021718    0.018860    0.007338
  637.5002    0.023508    0.015836    0.007505
  645.0002    0.024516    0.014235    0.009903
  652.5002    0.023859    0.013915    0.014114
  660.0002    0.021883    0.014246    0.018594
  667.5002    0.020245    0.015044    0.021871
  675.0002    0.019808    0.016040    0.023589
  682.5002    0.020268    0.016747    0.024230
  690.0002    0.021456    0.016862    0.023786
  697.5002    0.022344    0.016302    0.022698
  705.0002    0.021409    0.015607    0.021397
  712.5002    0.018638    0.015014    0.020110
  720.0002    0.016196    0.014025    0.019041
  727.5002    0.015821    0.013078    0.018209
  735.0002    0.016686    0.012886    0.018184
  742.5002    0.016879    0.014079    0.019708
  750.0002    0.015787    0.016266    0.021978
  757.5002    0.014142    0.018154    0.023944
  765.0002    0.013088    0.018687    0.024948
  772.5002    0.013904    0.017791    0.024754
  780.0002    0.015630    0.017060    0.023653
  787.5002    0.017254    0.017509    0.022390
  795.0002    0.018561    0.019064    0.021300
  802.5002    0.019020    0.020082    0.021018
  810.0002    0.018858    0.019603    0.022306
  817.5002    0.018230    0.017501    0.024455
  825.0002    0.017055    0.015220    0.026593
  832.5002    0.015622    0.014500    0.027838
  840.0002    0.014199    0.015041    0.028414
  847.5002    0.013298    0.015696    0.029371
  855.0002    0.013176    0.016226    0.030529
  862.5002    0.013757    0.016695    0.031610
  870.0002    0.015025    0.017479    0.031714
  877.5002    0.016636    0.018714    0.030505
  885.0002    0.017539    0.019849    0.027700
  892.5002    0.017259    0.020215    0.024001
  900.0002    0.015583    0.019822    0.021048
  907.5002    0.013946    0.019594    0.020906
  915.0002    0.013502    0.020362    0.023618
  922.5002    0.014176    0.021941    0.026824
  930.0002    0.015383    0.023210    0.029176
  937.5003    0.016914    0.023388    0.030311
  945.0003    0.018456    0.023441    0.030689
  952.5003    0.019867    0.024349    0.031003
  960.0003    0.021149    0.025615    0.031070
  967.5003    0.021936    0.026343    0.030630
  975.0003    0.021598    0.027185    0.029633
  982.5003    0.020538    0.029568    0.028428
  990.0003    0.020181    0.033156    0.027987
  997.5003    0.020649    0.035484    0.028932
 1005.0003    0.021136    0.034640    0.030752
 1012.5003    0.020575    0.030752    0.032151
 1020.0003    0.019009    0.025940    0.032765
 1027.5003    0.017386    0.021754    0.033352
 1035.0003    0.017385    0.019885    0.034756
 1042.5003    0.019013    0.021086    0.036152
 1050.0003    0.021454    0.023892    0.036564
 1057.5003    0.023665    0.026869    0.036920
 1065.0003    0.024775    0.029154    0.037277
 1072.5003    0.024985    0.030861    0.037016
 1080.0003    0.025261    0.031418    0.036003
 1087.5003    0.026083    0.030283    0.034576
 1095.0003    0.026802    0.028177    0.033714
 1102.5003    0.026398    0.026798    0.033692
 1110.0003    0.025683    0.027235    0.034241
 1117.5003    0.025598    0.028765    0.034499
 1125.0003    0.026173    0.030233    0.034271
 1132.5003    0.027319    0.031073    0.033701
 1140.0003    0.028458    0.031047    0.032914
 1147.5003    0.029387    0.030048    0.031865
 1155.0003    0.029051    0.029766    0.030675
 1162.5003    0.027397    0.031619    0.029898
 1170.0003    0.025935    0.034353    0.029631
 1177.5003    0.026124    0.036337    0.029169
 1185.0003    0.028034    0.036736    0.027711
 1192.5003    0.030704    0.034712    0.025622
 1200.0003    0.032454    0.031038    0.024090
 1207.5003    0.032744    0.027036    0.024604
 1215.0003    0.031753    0.024278    0.026966
 1222.5003    0.029955    0.022787    0.029458
 1230.0003    0.027244    0.022107    0.031262
 1237.5003    0.024255    0.020554    0.031890
 1245.0003    0.021793    0.018460    0.031667
 1252.5003    0.020294    0.017360    0.031603
 1260.0003    0.019749    0.017776    0.032793
 1267.5003    0.019572    0.018983    0.035294
 1275.0003    0.019621    0.020000    0.038002
 1282.5003    0.020027    0.020624    0.040411
 1290.0003    0.020674    0.021583    0.041713
 1297.5003    0.020836    0.023449    0.040812
 1305.0004    0.020079    0.025392    0.037890
 1312.5004    0.019598    0.026258    0.034585
 1320.0004    0.019631    0.025387    0.033086
 1327.5004    0.019907    0.022936    0.033674
 1335.0004    0.020491    0.020012    0.035677
 1342.5004    0.021291    0.017879    0.037730
 1350.0004    0.021096    0.017223    0.038862
 1357.5004    0.019783    0.017817    0.038734
 1365.0004    0.018904    0.019542    0.037699
 1372.5004    0.019273    0.022215    0.035790
 1380.0004    0.020641    0.024596    0.032662
 1387.5004    0.021603    0.024779    0.028656
 1395.0004    0.020659    0.021947    0.024432
 1402.5004    0.017616    0.018417    0.020676
 1410.0004    0.013951    0.016231    0.018258
 1417.5004    0.011472    0.015458    0.018261
 1425.0004    0.010902    0.014397    0.019982
 1432.5004    0.011928    0.012794    0.022749
 1440.0004    0.013640    0.011250    0.025869
 1447.5004    0.015755    0.010731    0.028549
 1455.0004    0.018203    0.012330    0.030209
 1462.5004    0.020523    0.015382    0.030991
 1470.0004    0.021894    0.019203    0.030661
 1477.5004    0.021936    0.022281    0.029150
 1485.0004    0.020765    0.023233    0.027533
 1492.5004    0.019167    0.022080    0.026427
 1500.0004    0.018308    0.019959    0.025381
