HD191610     -57.9846     -58.7087     -52.4272
HD191610      5.54666      5.26492      5.55428
-1500.0004   -0.005180   -0.000895   -0.006651
-1492.5004   -0.005674   -0.001848   -0.006117
-1485.0004   -0.006590   -0.002509   -0.006123
-1477.5004   -0.008200   -0.002537   -0.007271
-1470.0004   -0.009693   -0.002276   -0.009310
-1462.5004   -0.010384   -0.002493   -0.011742
-1455.0004   -0.010140   -0.003602   -0.013943
-1447.5004   -0.009255   -0.005274   -0.015216
-1440.0004   -0.008721   -0.006515   -0.015494
-1432.5004   -0.008799   -0.006735   -0.015204
-1425.0004   -0.009307   -0.006142   -0.014725
-1417.5004   -0.009913   -0.005288   -0.014038
-1410.0004   -0.010532   -0.004848   -0.013167
-1402.5004   -0.010962   -0.004784   -0.012376
-1395.0004   -0.011305   -0.004763   -0.011703
-1387.5004   -0.011668   -0.004364   -0.011229
-1380.0004   -0.012049   -0.004035   -0.010968
-1372.5004   -0.012597   -0.004261   -0.011228
-1365.0004   -0.013458   -0.004910   -0.011502
-1357.5004   -0.014328   -0.005647   -0.011552
-1350.0004   -0.014825   -0.005917   -0.011358
-1342.5004   -0.014685   -0.005821   -0.011106
-1335.0004   -0.013794   -0.005142   -0.010462
-1327.5004   -0.012300   -0.004099   -0.009213
-1320.0004   -0.010859   -0.002956   -0.007730
-1312.5004   -0.010209   -0.001943   -0.006662
-1305.0004   -0.010419   -0.001694   -0.006566
-1297.5003   -0.011024   -0.002222   -0.007230
-1290.0003   -0.011026   -0.002957   -0.007845
-1282.5003   -0.009728   -0.003493   -0.007794
-1275.0003   -0.007785   -0.003623   -0.006799
-1267.5003   -0.006483   -0.003296   -0.005844
-1260.0003   -0.006305   -0.003010   -0.005621
-1252.5003   -0.007001   -0.003872   -0.006122
-1245.0003   -0.008391   -0.006161   -0.006660
-1237.5003   -0.010077   -0.008404   -0.005953
-1230.0003   -0.011639   -0.009196   -0.004171
-1222.5003   -0.012762   -0.008709   -0.002294
-1215.0003   -0.013140   -0.007825   -0.001323
-1207.5003   -0.012633   -0.007472   -0.001980
-1200.0003   -0.011610   -0.007893   -0.003722
-1192.5003   -0.010954   -0.008370   -0.005184
-1185.0003   -0.010825   -0.008775   -0.005609
-1177.5003   -0.010659   -0.009196   -0.005392
-1170.0003   -0.010281   -0.009624   -0.005343
-1162.5003   -0.009817   -0.009659   -0.005873
-1155.0003   -0.009426   -0.009319   -0.006995
-1147.5003   -0.009076   -0.008807   -0.007789
-1140.0003   -0.008722   -0.008173   -0.007299
-1132.5003   -0.008425   -0.007501   -0.005675
-1125.0003   -0.008335   -0.006659   -0.003368
-1117.5003   -0.008181   -0.005480   -0.001197
-1110.0003   -0.008100   -0.004215    0.000009
-1102.5003   -0.008213   -0.003586   -0.000041
-1095.0003   -0.008508   -0.003589   -0.000783
-1087.5003   -0.008965   -0.003653   -0.001266
-1080.0003   -0.009124   -0.003192   -0.001262
-1072.5003   -0.008541   -0.002720   -0.000683
-1065.0003   -0.007279   -0.002771    0.000370
-1057.5003   -0.005625   -0.003148    0.001598
-1050.0003   -0.004067   -0.003258    0.002531
-1042.5003   -0.003410   -0.002851    0.002512
-1035.0003   -0.004430   -0.002181    0.001309
-1027.5003   -0.006640   -0.001532   -0.000842
-1020.0003   -0.009057   -0.001452   -0.002843
-1012.5003   -0.011289   -0.002171   -0.004691
-1005.0003   -0.013431   -0.003323   -0.006290
 -997.5003   -0.015157   -0.004570   -0.007028
 -990.0003   -0.016297   -0.005481   -0.006704
 -982.5003   -0.016756   -0.005936   -0.005774
 -975.0003   -0.016518   -0.006430   -0.005001
 -967.5003   -0.016009   -0.006897   -0.004817
 -960.0003   -0.015675   -0.007205   -0.005165
 -952.5003   -0.015454   -0.007505   -0.005912
 -945.0003   -0.015334   -0.007783   -0.006741
 -937.5003   -0.015519   -0.008375   -0.007021
 -930.0002   -0.015797   -0.009219   -0.006849
 -922.5002   -0.015858   -0.009719   -0.006538
 -915.0002   -0.015560   -0.009808   -0.006636
 -907.5002   -0.015369   -0.009951   -0.007294
 -900.0002   -0.015704   -0.010311   -0.007790
 -892.5002   -0.016335   -0.010472   -0.008094
 -885.0002   -0.016612   -0.010295   -0.008490
 -877.5002   -0.015988   -0.010225   -0.009020
 -870.0002   -0.015009   -0.010294   -0.009062
 -862.5002   -0.014156   -0.010212   -0.007913
 -855.0002   -0.013859   -0.009764   -0.005970
 -847.5002   -0.014153   -0.009461   -0.003924
 -840.0002   -0.014370   -0.009290   -0.002327
 -832.5002   -0.013970   -0.009186   -0.001450
 -825.0002   -0.013187   -0.009039   -0.001094
 -817.5002   -0.012269   -0.008703   -0.001272
 -810.0002   -0.011608   -0.008155   -0.001660
 -802.5002   -0.011872   -0.007572   -0.002303
 -795.0002   -0.013260   -0.007462   -0.003064
 -787.5002   -0.014764   -0.008076   -0.003724
 -780.0002   -0.015445   -0.009304   -0.003959
 -772.5002   -0.015401   -0.011044   -0.003958
 -765.0002   -0.015388   -0.013093   -0.004147
 -757.5002   -0.015934   -0.014872   -0.005001
 -750.0002   -0.016706   -0.015261   -0.006124
 -742.5002   -0.017010   -0.014165   -0.007003
 -735.0002   -0.017150   -0.012339   -0.007046
 -727.5002   -0.017977   -0.010398   -0.006247
 -720.0002   -0.018793   -0.008893   -0.004608
 -712.5002   -0.018341   -0.008063   -0.002885
 -705.0002   -0.016214   -0.007599   -0.002265
 -697.5002   -0.013684   -0.007567   -0.003239
 -690.0002   -0.011706   -0.007869   -0.004986
 -682.5002   -0.010044   -0.008508   -0.006530
 -675.0002   -0.008627   -0.009109   -0.007066
 -667.5002   -0.007973   -0.009101   -0.006683
 -660.0002   -0.007842   -0.008460   -0.005756
 -652.5002   -0.007245   -0.007245   -0.004200
 -645.0002   -0.006323   -0.006101   -0.002067
 -637.5002   -0.005402   -0.005324    0.000050
 -630.0002   -0.004804   -0.004524    0.001588
 -622.5002   -0.004810   -0.003277    0.002329
 -615.0002   -0.004908   -0.001604    0.002748
 -607.5002   -0.004132    0.000047    0.003436
 -600.0002   -0.002543    0.001277    0.004620
 -592.5002   -0.000943    0.002591    0.005768
 -585.0002    0.000395    0.003691    0.006380
 -577.5002    0.001780    0.004809    0.006496
 -570.0002    0.003303    0.005565    0.007115
 -562.5002    0.004777    0.006004    0.008480
 -555.0001    0.006204    0.006404    0.010394
 -547.5001    0.007725    0.007010    0.011818
 -540.0001    0.009311    0.007695    0.012653
 -532.5001    0.010586    0.008438    0.012901
 -525.0001    0.011111    0.009620    0.012713
 -517.5001    0.010532    0.010934    0.012291
 -510.0001    0.009425    0.011701    0.012491
 -502.5001    0.008830    0.012138    0.013821
 -495.0001    0.009624    0.012811    0.015598
 -487.5001    0.010700    0.013644    0.016558
 -480.0001    0.010729    0.014088    0.016514
 -472.5001    0.010075    0.013786    0.016410
 -465.0001    0.009772    0.013397    0.017306
 -457.5001    0.010170    0.013534    0.019007
 -450.0001    0.010975    0.014047    0.020759
 -442.5001    0.011954    0.014690    0.021857
 -435.0001    0.013285    0.015776    0.022035
 -427.5001    0.014981    0.017436    0.021843
 -420.0001    0.016748    0.019074    0.021836
 -412.5001    0.017742    0.019644    0.021844
 -405.0001    0.017583    0.019296    0.021854
 -397.5001    0.016867    0.018707    0.022230
 -390.0001    0.016473    0.017780    0.023650
 -382.5001    0.017475    0.016825    0.025548
 -375.0001    0.019822    0.016506    0.027274
 -367.5001    0.022360    0.017068    0.028723
 -360.0001    0.024216    0.018475    0.029773
 -352.5001    0.025396    0.020626    0.030497
 -345.0001    0.025924    0.023435    0.030901
 -337.5001    0.025776    0.026756    0.031238
 -330.0001    0.025490    0.029544    0.031553
 -322.5001    0.025604    0.031304    0.032267
 -315.0001    0.026421    0.032489    0.033254
 -307.5001    0.027536    0.033629    0.034704
 -300.0001    0.029000    0.034570    0.036136
 -292.5001    0.030905    0.035006    0.037114
 -285.0001    0.032831    0.035150    0.037900
 -277.5001    0.034212    0.035118    0.038768
 -270.0001    0.034922    0.035069    0.040077
 -262.5001    0.035426    0.035347    0.041478
 -255.0001    0.036068    0.035982    0.043116
 -247.5001    0.037279    0.036638    0.045348
 -240.0001    0.039388    0.036986    0.048395
 -232.5001    0.042347    0.037226    0.052121
 -225.0001    0.045852    0.037669    0.056115
 -217.5001    0.049089    0.038755    0.059969
 -210.0001    0.052118    0.040488    0.063429
 -202.5001    0.055061    0.042907    0.065905
 -195.0001    0.057934    0.045543    0.066757
 -187.5001    0.060469    0.048372    0.066362
 -180.0000    0.062737    0.051497    0.065756
 -172.5000    0.065627    0.055273    0.066180
 -165.0000    0.068952    0.059075    0.067733
 -157.5000    0.072312    0.062573    0.069680
 -150.0000    0.074596    0.065201    0.071727
 -142.5000    0.075281    0.067480    0.074171
 -135.0000    0.074997    0.069455    0.077195
 -127.5000    0.074774    0.070955    0.080517
 -120.0000    0.074722    0.072252    0.083797
 -112.5000    0.075085    0.073903    0.086955
 -105.0000    0.076609    0.076627    0.089850
  -97.5000    0.080176    0.080549    0.091833
  -90.0000    0.085348    0.085504    0.093659
  -82.5000    0.090772    0.090848    0.096002
  -75.0000    0.095143    0.095686    0.099414
  -67.5000    0.098316    0.099124    0.102868
  -60.0000    0.099807    0.100572    0.105479
  -52.5000    0.099362    0.099618    0.106371
  -45.0000    0.097084    0.097179    0.105450
  -37.5000    0.093714    0.093926    0.102966
  -30.0000    0.089797    0.090264    0.099600
  -22.5000    0.086060    0.086800    0.096561
  -15.0000    0.082995    0.084261    0.094084
   -7.5000    0.081400    0.082717    0.092411
    0.0000    0.080967    0.082211    0.091004
    7.5000    0.081022    0.082502    0.089354
   15.0000    0.080912    0.083313    0.087790
   22.5000    0.080104    0.084590    0.086221
   30.0000    0.079016    0.085652    0.084906
   37.5000    0.078642    0.085714    0.084595
   45.0000    0.078927    0.084738    0.085022
   52.5000    0.079513    0.082954    0.085522
   60.0000    0.080264    0.080540    0.085186
   67.5000    0.080378    0.078317    0.084183
   75.0000    0.079594    0.076421    0.082541
   82.5000    0.078394    0.075073    0.080453
   90.0000    0.077135    0.074216    0.078013
   97.5000    0.076000    0.073667    0.075996
  105.0000    0.074963    0.073075    0.074554
  112.5000    0.073719    0.071795    0.073237
  120.0000    0.071612    0.069395    0.072120
  127.5000    0.068694    0.066242    0.071246
  135.0000    0.065375    0.063074    0.070452
  142.5000    0.062122    0.060806    0.069487
  150.0000    0.059001    0.059671    0.068081
  157.5000    0.056099    0.058941    0.066214
  165.0000    0.053325    0.057741    0.064367
  172.5000    0.050674    0.055719    0.062462
  180.0000    0.048461    0.053144    0.060643
  187.5001    0.046373    0.050555    0.058535
  195.0001    0.044831    0.048361    0.055952
  202.5001    0.043673    0.046292    0.052628
  210.0001    0.042561    0.044057    0.049417
  217.5001    0.041028    0.042000    0.046676
  225.0001    0.039057    0.040378    0.045217
  232.5001    0.036701    0.038969    0.044574
  240.0001    0.034009    0.037222    0.043810
  247.5001    0.031253    0.034995    0.042743
  255.0001    0.028956    0.032430    0.040781
  262.5001    0.027125    0.029861    0.037700
  270.0001    0.025443    0.027877    0.034310
  277.5001    0.024181    0.026738    0.031242
  285.0001    0.023883    0.026103    0.029322
  292.5001    0.023914    0.025522    0.028082
  300.0001    0.023630    0.024263    0.026857
  307.5001    0.022698    0.022153    0.025514
  315.0001    0.021204    0.020057    0.024602
  322.5001    0.019521    0.018540    0.024625
  330.0001    0.018158    0.017549    0.024988
  337.5001    0.016956    0.016898    0.024642
  345.0001    0.015823    0.015810    0.023363
  352.5001    0.014505    0.013960    0.021950
  360.0001    0.013182    0.011072    0.020519
  367.5001    0.011550    0.007545    0.018433
  375.0001    0.009474    0.004321    0.015789
  382.5001    0.006862    0.001861    0.013052
  390.0001    0.004061    0.000730    0.010577
  397.5001    0.001571    0.001098    0.009060
  405.0001   -0.000354    0.002017    0.008823
  412.5001   -0.001194    0.002695    0.009351
  420.0001   -0.000975    0.003036    0.009416
  427.5001   -0.000722    0.002874    0.008904
  435.0001   -0.000799    0.001747    0.007986
  442.5001   -0.000920   -0.000248    0.007278
  450.0001   -0.000643   -0.002862    0.006517
  457.5001   -0.000538   -0.005100    0.005645
  465.0001   -0.000931   -0.005963    0.005019
  472.5001   -0.001628   -0.005912    0.005506
  480.0001   -0.002337   -0.005445    0.006255
  487.5001   -0.002889   -0.004728    0.006610
  495.0001   -0.002978   -0.004030    0.006159
  502.5001   -0.002723   -0.004097    0.005128
  510.0001   -0.002752   -0.005673    0.003821
  517.5001   -0.003745   -0.008195    0.002670
  525.0001   -0.005515   -0.010526    0.001781
  532.5001   -0.007565   -0.011748    0.001105
  540.0001   -0.009324   -0.012095    0.000461
  547.5001   -0.010793   -0.011867    0.000146
  555.0001   -0.011828   -0.011605   -0.000085
  562.5002   -0.012492   -0.011830   -0.000717
  570.0002   -0.012678   -0.012746   -0.001861
  577.5002   -0.012508   -0.014200   -0.003134
  585.0002   -0.012059   -0.015711   -0.003939
  592.5002   -0.011687   -0.016383   -0.004401
  600.0002   -0.010841   -0.015736   -0.004387
  607.5002   -0.009458   -0.014454   -0.004334
  615.0002   -0.008176   -0.013616   -0.004271
  622.5002   -0.007607   -0.013152   -0.004152
  630.0002   -0.007654   -0.012630   -0.004038
  637.5002   -0.008001   -0.011779   -0.003843
  645.0002   -0.008381   -0.010931   -0.003916
  652.5002   -0.009004   -0.010474   -0.004151
  660.0002   -0.009927   -0.010785   -0.004410
  667.5002   -0.010679   -0.011742   -0.004421
  675.0002   -0.011214   -0.012975   -0.004508
  682.5002   -0.011027   -0.013648   -0.004692
  690.0002   -0.010335   -0.013485   -0.004989
  697.5002   -0.009546   -0.012623   -0.005453
  705.0002   -0.009285   -0.011730   -0.005660
  712.5002   -0.009648   -0.011357   -0.005384
  720.0002   -0.010447   -0.011480   -0.004269
  727.5002   -0.011197   -0.011233   -0.002708
  735.0002   -0.011746   -0.010223   -0.000803
  742.5002   -0.012630   -0.008855    0.001463
  750.0002   -0.013486   -0.008351    0.003217
  757.5002   -0.013516   -0.008950    0.003383
  765.0002   -0.012539   -0.010218    0.002262
  772.5002   -0.011345   -0.011163    0.000647
  780.0002   -0.010137   -0.011151   -0.000728
  787.5002   -0.009416   -0.010471   -0.001672
  795.0002   -0.009320   -0.009734   -0.002114
  802.5002   -0.009512   -0.009570   -0.001664
  810.0002   -0.009493   -0.009897   -0.000446
  817.5002   -0.008957   -0.010262    0.001006
  825.0002   -0.008099   -0.010586    0.002271
  832.5002   -0.006924   -0.010649    0.002929
  840.0002   -0.005419   -0.010227    0.002830
  847.5002   -0.004111   -0.009420    0.002331
  855.0002   -0.003109   -0.008745    0.001106
  862.5002   -0.002522   -0.008867   -0.000551
  870.0002   -0.001782   -0.009734   -0.001505
  877.5002   -0.001013   -0.010570   -0.001230
  885.0002   -0.000328   -0.010585   -0.000125
  892.5002    0.000043   -0.009378    0.000688
  900.0002   -0.000056   -0.007626    0.000669
  907.5002   -0.000652   -0.006125    0.000277
  915.0002   -0.001203   -0.004807    0.000287
  922.5002   -0.001436   -0.003776    0.001221
  930.0002   -0.001216   -0.002634    0.002921
  937.5003   -0.001049   -0.001525    0.004667
  945.0003   -0.000997   -0.000983    0.005488
  952.5003   -0.000732   -0.000919    0.005720
  960.0003    0.000088   -0.000927    0.006378
  967.5003    0.001621   -0.000570    0.007605
  975.0003    0.003418    0.000630    0.009182
  982.5003    0.004936    0.002340    0.010679
  990.0003    0.005820    0.003434    0.012036
  997.5003    0.005940    0.003394    0.013488
 1005.0003    0.005010    0.002647    0.015055
 1012.5003    0.003198    0.001784    0.016696
 1020.0003    0.001316    0.001609    0.018252
 1027.5003    0.000248    0.002863    0.019294
 1035.0003    0.000440    0.004964    0.019523
 1042.5003    0.001991    0.006641    0.019421
 1050.0003    0.004345    0.007104    0.019479
 1057.5003    0.006401    0.006789    0.019686
 1065.0003    0.007539    0.006344    0.019079
 1072.5003    0.007859    0.005821    0.017609
 1080.0003    0.007832    0.005546    0.015773
 1087.5003    0.007173    0.005748    0.014845
 1095.0003    0.005929    0.006303    0.014908
 1102.5003    0.004493    0.006643    0.015338
 1110.0003    0.003736    0.006429    0.015527
 1117.5003    0.004033    0.006144    0.015039
 1125.0003    0.005094    0.006458    0.014601
 1132.5003    0.007029    0.007165    0.014681
 1140.0003    0.010051    0.007670    0.015351
 1147.5003    0.013426    0.007552    0.016449
 1155.0003    0.015707    0.006808    0.017539
 1162.5003    0.016284    0.005885    0.018309
 1170.0003    0.015847    0.005389    0.018707
 1177.5003    0.014539    0.005427    0.019262
 1185.0003    0.012929    0.005707    0.020292
 1192.5003    0.011440    0.005823    0.021563
 1200.0003    0.010405    0.005982    0.022144
 1207.5003    0.009980    0.006168    0.021273
 1215.0003    0.009968    0.006007    0.018751
 1222.5003    0.009944    0.005355    0.015904
 1230.0003    0.009612    0.005037    0.013885
 1237.5003    0.009216    0.004854    0.013314
 1245.0003    0.008863    0.004305    0.014184
 1252.5003    0.008693    0.003344    0.015201
 1260.0003    0.008796    0.002282    0.015535
 1267.5003    0.008985    0.001236    0.015124
 1275.0003    0.008765    0.000612    0.014699
 1282.5003    0.008461    0.000780    0.014698
 1290.0003    0.008308    0.001491    0.015045
 1297.5003    0.008434    0.002827    0.015194
 1305.0004    0.008763    0.004148    0.014455
 1312.5004    0.008982    0.004955    0.012984
 1320.0004    0.008634    0.005322    0.011626
 1327.5004    0.007795    0.005625    0.010766
 1335.0004    0.006828    0.005893    0.010583
 1342.5004    0.006171    0.005856    0.010973
 1350.0004    0.006421    0.005325    0.011851
 1357.5004    0.007731    0.005037    0.012993
 1365.0004    0.009958    0.005467    0.014074
 1372.5004    0.012448    0.006703    0.015110
 1380.0004    0.014092    0.008138    0.015853
 1387.5004    0.014060    0.009006    0.015718
 1395.0004    0.012399    0.009200    0.014733
 1402.5004    0.009969    0.008827    0.013638
 1410.0004    0.007889    0.008168    0.013079
 1417.5004    0.006491    0.007018    0.012594
 1425.0004    0.005975    0.004905    0.011455
 1432.5004    0.006143    0.002206    0.009800
 1440.0004    0.006653   -0.000137    0.008714
 1447.5004    0.007364   -0.001549    0.008560
 1455.0004    0.008265   -0.001595    0.008606
 1462.5004    0.009421   -0.000726    0.008411
 1470.0004    0.010584    0.000580    0.008499
 1477.5004    0.011513    0.002009    0.009216
 1485.0004    0.012083    0.003342    0.009971
 1492.5004    0.012516    0.003919    0.009902
 1500.0004    0.013203    0.003209    0.008633
