HD200310     -76.4549      37.4875      39.5443
HD200310      2.20107      2.51254      2.08550
-1500.0004   -0.045543   -0.055631   -0.039962
-1492.5004   -0.044160   -0.055744   -0.040682
-1485.0004   -0.043038   -0.055664   -0.042055
-1477.5004   -0.042736   -0.055738   -0.042460
-1470.0004   -0.043864   -0.056462   -0.041603
-1462.5004   -0.046006   -0.058145   -0.040714
-1455.0004   -0.048157   -0.060985   -0.041605
-1447.5004   -0.049326   -0.064568   -0.044692
-1440.0004   -0.050097   -0.067997   -0.048498
-1432.5004   -0.051039   -0.070663   -0.051704
-1425.0004   -0.052176   -0.072457   -0.053517
-1417.5004   -0.053145   -0.073664   -0.053910
-1410.0004   -0.053874   -0.074645   -0.053548
-1402.5004   -0.054256   -0.074948   -0.052695
-1395.0004   -0.054295   -0.073946   -0.051704
-1387.5004   -0.053374   -0.072010   -0.050340
-1380.0004   -0.051693   -0.069905   -0.048877
-1372.5004   -0.050271   -0.068862   -0.048668
-1365.0004   -0.050025   -0.069589   -0.050504
-1357.5004   -0.050531   -0.071761   -0.053817
-1350.0004   -0.051419   -0.074047   -0.057186
-1342.5004   -0.052500   -0.075481   -0.059068
-1335.0004   -0.053506   -0.076073   -0.059182
-1327.5004   -0.054199   -0.076191   -0.057978
-1320.0004   -0.054362   -0.076325   -0.057054
-1312.5004   -0.054238   -0.076703   -0.056823
-1305.0004   -0.054746   -0.077545   -0.056421
-1297.5003   -0.055519   -0.078106   -0.055440
-1290.0003   -0.055302   -0.077733   -0.053516
-1282.5003   -0.053191   -0.076146   -0.051206
-1275.0003   -0.050060   -0.073326   -0.049219
-1267.5003   -0.047028   -0.069764   -0.047696
-1260.0003   -0.044475   -0.066481   -0.046121
-1252.5003   -0.042103   -0.064185   -0.044661
-1245.0003   -0.040109   -0.063058   -0.044265
-1237.5003   -0.038673   -0.062646   -0.044644
-1230.0003   -0.038868   -0.062258   -0.045451
-1222.5003   -0.040900   -0.062075   -0.045957
-1215.0003   -0.043595   -0.062597   -0.046271
-1207.5003   -0.045991   -0.064024   -0.046607
-1200.0003   -0.048047   -0.065770   -0.046835
-1192.5003   -0.049993   -0.066945   -0.046713
-1185.0003   -0.051274   -0.067220   -0.046397
-1177.5003   -0.051675   -0.067009   -0.046398
-1170.0003   -0.051660   -0.066484   -0.047159
-1162.5003   -0.051817   -0.065793   -0.048478
-1155.0003   -0.052496   -0.065073   -0.049247
-1147.5003   -0.053694   -0.065073   -0.049147
-1140.0003   -0.054377   -0.066177   -0.048094
-1132.5003   -0.054085   -0.068153   -0.046783
-1125.0003   -0.053289   -0.070148   -0.045987
-1117.5003   -0.052605   -0.071679   -0.046448
-1110.0003   -0.052546   -0.072535   -0.048210
-1102.5003   -0.053578   -0.073246   -0.051239
-1095.0003   -0.055580   -0.074023   -0.054594
-1087.5003   -0.057842   -0.074450   -0.056858
-1080.0003   -0.059073   -0.073643   -0.057255
-1072.5003   -0.058345   -0.071488   -0.056044
-1065.0003   -0.056213   -0.068516   -0.054181
-1057.5003   -0.054375   -0.065849   -0.052276
-1050.0003   -0.053339   -0.064226   -0.049995
-1042.5003   -0.052004   -0.063302   -0.046918
-1035.0003   -0.049248   -0.062436   -0.043293
-1027.5003   -0.045746   -0.061215   -0.040065
-1020.0003   -0.043326   -0.059455   -0.038053
-1012.5003   -0.043609   -0.057592   -0.037945
-1005.0003   -0.046134   -0.056425   -0.039895
 -997.5003   -0.048923   -0.056722   -0.043203
 -990.0003   -0.050528   -0.058840   -0.046597
 -982.5003   -0.051178   -0.062767   -0.049161
 -975.0003   -0.051730   -0.066925   -0.050591
 -967.5003   -0.052871   -0.069440   -0.050527
 -960.0003   -0.053952   -0.069484   -0.048531
 -952.5003   -0.053589   -0.067533   -0.045573
 -945.0003   -0.051302   -0.064657   -0.043423
 -937.5003   -0.048345   -0.062074   -0.043371
 -930.0002   -0.046450   -0.060311   -0.044936
 -922.5002   -0.046664   -0.059143   -0.046754
 -915.0002   -0.048205   -0.058210   -0.048125
 -907.5002   -0.049619   -0.057648   -0.049412
 -900.0002   -0.050028   -0.057852   -0.050218
 -892.5002   -0.049140   -0.058948   -0.050117
 -885.0002   -0.047523   -0.060817   -0.049100
 -877.5002   -0.046065   -0.062621   -0.047624
 -870.0002   -0.045349   -0.063833   -0.046738
 -862.5002   -0.045130   -0.064232   -0.046387
 -855.0002   -0.044897   -0.064052   -0.045790
 -847.5002   -0.044317   -0.063448   -0.044433
 -840.0002   -0.043790   -0.062662   -0.042394
 -832.5002   -0.043576   -0.061709   -0.040149
 -825.0002   -0.043106   -0.060308   -0.038333
 -817.5002   -0.041622   -0.058469   -0.036634
 -810.0002   -0.039276   -0.056804   -0.033936
 -802.5002   -0.037074   -0.055569   -0.030619
 -795.0002   -0.035854   -0.054813   -0.028148
 -787.5002   -0.035686   -0.054173   -0.027145
 -780.0002   -0.035990   -0.053495   -0.026633
 -772.5002   -0.036604   -0.052836   -0.026196
 -765.0002   -0.037274   -0.052138   -0.025589
 -757.5002   -0.037510   -0.051846   -0.025547
 -750.0002   -0.037039   -0.051987   -0.026926
 -742.5002   -0.035645   -0.051743   -0.029844
 -735.0002   -0.033489   -0.050636   -0.032655
 -727.5002   -0.031442   -0.048875   -0.033533
 -720.0002   -0.029680   -0.047394   -0.032538
 -712.5002   -0.027733   -0.046472   -0.030240
 -705.0002   -0.025473   -0.045167   -0.027419
 -697.5002   -0.023563   -0.043258   -0.024606
 -690.0002   -0.022972   -0.041355   -0.022014
 -682.5002   -0.023558   -0.040569   -0.019528
 -675.0002   -0.024305   -0.040954   -0.017542
 -667.5002   -0.024208   -0.041723   -0.016824
 -660.0002   -0.022887   -0.042235   -0.017212
 -652.5002   -0.020579   -0.042891   -0.017983
 -645.0002   -0.018295   -0.044188   -0.018561
 -637.5002   -0.017394   -0.045876   -0.018948
 -630.0002   -0.018206   -0.046729   -0.018794
 -622.5002   -0.019651   -0.045754   -0.017967
 -615.0002   -0.020078   -0.043697   -0.016740
 -607.5002   -0.018795   -0.041855   -0.015909
 -600.0002   -0.016890   -0.040323   -0.015464
 -592.5002   -0.016210   -0.038548   -0.015558
 -585.0002   -0.017161   -0.036681   -0.016185
 -577.5002   -0.018044   -0.035583   -0.016689
 -570.0002   -0.017772   -0.035486   -0.016978
 -562.5002   -0.016083   -0.036237   -0.016920
 -555.0001   -0.013921   -0.036899   -0.016783
 -547.5001   -0.012572   -0.037156   -0.016073
 -540.0001   -0.012132   -0.036673   -0.014513
 -532.5001   -0.012369   -0.035477   -0.012462
 -525.0001   -0.012780   -0.033966   -0.010897
 -517.5001   -0.012837   -0.032556   -0.010556
 -510.0001   -0.012282   -0.031533   -0.011702
 -502.5001   -0.011174   -0.031053   -0.013598
 -495.0001   -0.010062   -0.030779   -0.015299
 -487.5001   -0.009523   -0.030405   -0.015725
 -480.0001   -0.009203   -0.030086   -0.015138
 -472.5001   -0.008721   -0.030106   -0.013815
 -465.0001   -0.008623   -0.030529   -0.012104
 -457.5001   -0.009022   -0.030588   -0.010231
 -450.0001   -0.009595   -0.029623   -0.008344
 -442.5001   -0.009961   -0.027278   -0.006960
 -435.0001   -0.010221   -0.024026   -0.005952
 -427.5001   -0.010178   -0.020682   -0.005160
 -420.0001   -0.009427   -0.018260   -0.005029
 -412.5001   -0.008252   -0.017342   -0.006547
 -405.0001   -0.007625   -0.017828   -0.009311
 -397.5001   -0.007922   -0.019126   -0.011877
 -390.0001   -0.007913   -0.020372   -0.012892
 -382.5001   -0.007141   -0.021164   -0.011922
 -375.0001   -0.005847   -0.021769   -0.009240
 -367.5001   -0.004414   -0.022890   -0.006406
 -360.0001   -0.003552   -0.024431   -0.004584
 -352.5001   -0.003432   -0.026090   -0.004083
 -345.0001   -0.003462   -0.027568   -0.004171
 -337.5001   -0.003454   -0.029414   -0.004017
 -330.0001   -0.003348   -0.031608   -0.003378
 -322.5001   -0.002883   -0.033506   -0.002534
 -315.0001   -0.002235   -0.034372   -0.001399
 -307.5001   -0.001274   -0.033993    0.000220
 -300.0001    0.000019   -0.032754    0.002052
 -292.5001    0.000800   -0.031919    0.002922
 -285.0001    0.000219   -0.031822    0.002236
 -277.5001   -0.001379   -0.031066    0.001040
 -270.0001   -0.002720   -0.028521    0.000099
 -262.5001   -0.002865   -0.024424   -0.000510
 -255.0001   -0.001773   -0.021001   -0.000752
 -247.5001   -0.000041   -0.019468    0.000019
 -240.0001    0.001776   -0.019255    0.002405
 -232.5001    0.002669   -0.018903    0.005513
 -225.0001    0.002958   -0.017355    0.008327
 -217.5001    0.003655   -0.015094    0.010118
 -210.0001    0.004856   -0.013054    0.010649
 -202.5001    0.006296   -0.011685    0.010195
 -195.0001    0.007877   -0.010431    0.010230
 -187.5001    0.010198   -0.008913    0.011834
 -180.0000    0.013596   -0.007241    0.014492
 -172.5000    0.017603   -0.006596    0.017414
 -165.0000    0.020784   -0.007054    0.020378
 -157.5000    0.022248   -0.007606    0.023842
 -150.0000    0.022623   -0.007743    0.026891
 -142.5000    0.022151   -0.007581    0.028723
 -135.0000    0.021609   -0.006963    0.029207
 -127.5000    0.021878   -0.005577    0.028916
 -120.0000    0.024239   -0.003363    0.028219
 -112.5000    0.029571   -0.000360    0.027541
 -105.0000    0.038884    0.002781    0.026942
  -97.5000    0.053548    0.005604    0.026142
  -90.0000    0.072953    0.007601    0.025795
  -82.5000    0.089786    0.008872    0.027059
  -75.0000    0.094171    0.009650    0.029912
  -67.5000    0.083227    0.010143    0.033300
  -60.0000    0.064160    0.010158    0.036084
  -52.5000    0.047229    0.009092    0.037385
  -45.0000    0.037159    0.006414    0.036773
  -37.5000    0.032269    0.003065    0.034372
  -30.0000    0.029817    0.000721    0.031421
  -22.5000    0.028257    0.001145    0.028786
  -15.0000    0.027526    0.004344    0.027513
   -7.5000    0.027669    0.008900    0.028430
    0.0000    0.028713    0.014132    0.032354
    7.5000    0.030436    0.021536    0.039612
   15.0000    0.032153    0.033478    0.051714
   22.5000    0.032800    0.050616    0.069382
   30.0000    0.031758    0.067853    0.089171
   37.5000    0.029799    0.075371    0.101794
   45.0000    0.028352    0.067886    0.099021
   52.5000    0.028535    0.050500    0.081847
   60.0000    0.029640    0.033986    0.059872
   67.5000    0.029654    0.024262    0.042520
   75.0000    0.027637    0.019695    0.031739
   82.5000    0.024461    0.016279    0.024721
   90.0000    0.021417    0.011979    0.018875
   97.5000    0.019301    0.007563    0.014201
  105.0000    0.018273    0.005003    0.012613
  112.5000    0.017498    0.005066    0.014513
  120.0000    0.016171    0.006110    0.018219
  127.5000    0.014331    0.006303    0.021237
  135.0000    0.013067    0.005133    0.022414
  142.5000    0.013279    0.003273    0.021801
  150.0000    0.014328    0.001088    0.019997
  157.5000    0.014842   -0.000898    0.017372
  165.0000    0.013482   -0.002617    0.014351
  172.5000    0.010151   -0.004330    0.011446
  180.0000    0.006091   -0.006182    0.008665
  187.5001    0.003042   -0.007510    0.005914
  195.0001    0.002157   -0.007608    0.004139
  202.5001    0.003289   -0.006345    0.004123
  210.0001    0.005418   -0.004534    0.005910
  217.5001    0.006920   -0.002470    0.008520
  225.0001    0.006930   -0.001049    0.010281
  232.5001    0.005942   -0.001583    0.010432
  240.0001    0.005598   -0.003686    0.009390
  247.5001    0.007001   -0.005373    0.008118
  255.0001    0.009328   -0.005004    0.007418
  262.5001    0.010648   -0.003216    0.008088
  270.0001    0.010293   -0.001597    0.010273
  277.5001    0.008424   -0.000987    0.012857
  285.0001    0.005501   -0.001246    0.014308
  292.5001    0.002211   -0.001705    0.013653
  300.0001   -0.000070   -0.001426    0.011612
  307.5001   -0.000744   -0.000204    0.010060
  315.0001    0.000046    0.001119    0.010466
  322.5001    0.001118    0.000923    0.011811
  330.0001    0.001642   -0.000549    0.012467
  337.5001    0.001496   -0.002363    0.011618
  345.0001    0.001135   -0.003890    0.009212
  352.5001   -0.000039   -0.005562    0.006260
  360.0001   -0.002477   -0.007091    0.003970
  367.5001   -0.005228   -0.007692    0.002673
  375.0001   -0.006727   -0.006911    0.002388
  382.5001   -0.006856   -0.004461    0.002822
  390.0001   -0.006624   -0.001958    0.003262
  397.5001   -0.006762   -0.001166    0.002561
  405.0001   -0.007611   -0.002174    0.000013
  412.5001   -0.008558   -0.003628   -0.003414
  420.0001   -0.008985   -0.004283   -0.006112
  427.5001   -0.008200   -0.004507   -0.006889
  435.0001   -0.006681   -0.005269   -0.005998
  442.5001   -0.005887   -0.007100   -0.004588
  450.0001   -0.006322   -0.009700   -0.003816
  457.5001   -0.007307   -0.011644   -0.003691
  465.0001   -0.006443   -0.010970   -0.003260
  472.5001   -0.002621   -0.008070   -0.002278
  480.0001    0.002404   -0.004887   -0.001311
  487.5001    0.005484   -0.002877   -0.000222
  495.0001    0.005265   -0.001899    0.001664
  502.5001    0.002682   -0.001281    0.003861
  510.0001   -0.000124   -0.000339    0.005719
  517.5001   -0.001432    0.001118    0.007045
  525.0001   -0.001359    0.002826    0.007722
  532.5001   -0.000559    0.004623    0.007282
  540.0001   -0.000216    0.006509    0.005932
  547.5001   -0.000378    0.008161    0.004314
  555.0001   -0.000422    0.008821    0.003151
  562.5002   -0.000011    0.008399    0.003165
  570.0002    0.000623    0.007195    0.004367
  577.5002    0.001000    0.006193    0.006136
  585.0002    0.000863    0.006156    0.008140
  592.5002    0.000612    0.007059    0.010327
  600.0002    0.000284    0.008414    0.012305
  607.5002   -0.000317    0.010013    0.013511
  615.0002   -0.000922    0.011839    0.013691
  622.5002   -0.001153    0.013439    0.013079
  630.0002   -0.000541    0.014433    0.011717
  637.5002    0.001041    0.015136    0.010122
  645.0002    0.003553    0.016568    0.009454
  652.5002    0.007339    0.018859    0.010312
  660.0002    0.012391    0.021447    0.011375
  667.5002    0.017605    0.023724    0.011484
  675.0002    0.021562    0.025836    0.011719
  682.5002    0.023494    0.027753    0.013348
  690.0002    0.023634    0.029632    0.016122
  697.5002    0.022866    0.030900    0.018928
  705.0002    0.021465    0.031185    0.020843
  712.5002    0.019765    0.030655    0.022122
  720.0002    0.017693    0.029758    0.023163
  727.5002    0.016263    0.028819    0.024250
  735.0002    0.017145    0.028009    0.024842
  742.5002    0.020255    0.027420    0.024739
  750.0002    0.023648    0.027102    0.023822
  757.5002    0.025472    0.026473    0.023669
  765.0002    0.025307    0.025489    0.025168
  772.5002    0.024180    0.025098    0.027446
  780.0002    0.023499    0.026379    0.029442
  787.5002    0.024375    0.029291    0.030333
  795.0002    0.026002    0.032507    0.031056
  802.5002    0.027212    0.034795    0.032637
  810.0002    0.027388    0.035532    0.034794
  817.5002    0.027043    0.035554    0.036451
  825.0002    0.026894    0.035515    0.036742
  832.5002    0.026594    0.035546    0.035718
  840.0002    0.025755    0.035466    0.033843
  847.5002    0.024408    0.035602    0.031822
  855.0002    0.024512    0.036622    0.030165
  862.5002    0.027006    0.039035    0.029104
  870.0002    0.031095    0.042461    0.028479
  877.5002    0.034555    0.045058    0.028144
  885.0002    0.036254    0.045695    0.027618
  892.5002    0.036594    0.045038    0.027319
  900.0002    0.036576    0.044943    0.027876
  907.5002    0.036906    0.045693    0.029400
  915.0002    0.037256    0.047217    0.031255
  922.5002    0.037159    0.048840    0.032921
  930.0002    0.036578    0.049988    0.033769
  937.5003    0.036261    0.050439    0.034027
  945.0003    0.037112    0.050527    0.034565
  952.5003    0.039418    0.050478    0.035924
  960.0003    0.042853    0.050903    0.038137
  967.5003    0.046275    0.052079    0.040550
  975.0003    0.048586    0.054192    0.042777
  982.5003    0.049404    0.056967    0.045330
  990.0003    0.049354    0.059143    0.048133
  997.5003    0.049079    0.059545    0.050011
 1005.0003    0.049240    0.058123    0.050337
 1012.5003    0.049787    0.055879    0.049828
 1020.0003    0.049894    0.053975    0.049309
 1027.5003    0.048709    0.053570    0.048617
 1035.0003    0.046394    0.054711    0.047264
 1042.5003    0.044410    0.057134    0.045582
 1050.0003    0.043820    0.060216    0.044927
 1057.5003    0.044545    0.063488    0.046502
 1065.0003    0.045766    0.066702    0.049792
 1072.5003    0.046630    0.068938    0.052538
 1080.0003    0.046752    0.069353    0.054531
 1087.5003    0.046606    0.068592    0.056136
 1095.0003    0.046909    0.068404    0.057563
 1102.5003    0.047519    0.068833    0.058587
 1110.0003    0.048479    0.068775    0.058212
 1117.5003    0.049365    0.067778    0.055945
 1125.0003    0.049679    0.065997    0.052748
 1132.5003    0.048742    0.064002    0.050440
 1140.0003    0.046985    0.062996    0.049967
 1147.5003    0.045924    0.063380    0.050426
 1155.0003    0.046625    0.064579    0.050552
 1162.5003    0.047859    0.065234    0.049915
 1170.0003    0.047871    0.064759    0.049163
 1177.5003    0.046262    0.063596    0.048558
 1185.0003    0.044104    0.061910    0.048167
 1192.5003    0.042683    0.059787    0.047973
 1200.0003    0.042912    0.057529    0.047771
 1207.5003    0.044095    0.055950    0.047004
 1215.0003    0.044896    0.055561    0.045388
 1222.5003    0.044807    0.055438    0.043086
 1230.0003    0.044113    0.054596    0.040815
 1237.5003    0.043719    0.053107    0.039088
 1245.0003    0.044378    0.052478    0.038285
 1252.5003    0.046274    0.053759    0.038410
 1260.0003    0.048751    0.056394    0.039934
 1267.5003    0.051068    0.059422    0.042064
 1275.0003    0.052094    0.062294    0.044197
 1282.5003    0.051545    0.064820    0.045650
 1290.0003    0.050436    0.066886    0.046656
 1297.5003    0.049794    0.067299    0.046846
 1305.0004    0.049274    0.065945    0.045454
 1312.5004    0.048177    0.063535    0.042964
 1320.0004    0.046333    0.061052    0.040569
 1327.5004    0.044397    0.058493    0.038726
 1335.0004    0.043042    0.055910    0.037312
 1342.5004    0.042370    0.053610    0.036739
 1350.0004    0.042032    0.052429    0.037473
 1357.5004    0.041612    0.053119    0.038932
 1365.0004    0.041314    0.055725    0.040824
 1372.5004    0.042403    0.060048    0.043272
 1380.0004    0.045476    0.064497    0.047026
 1387.5004    0.049089    0.067919    0.051413
 1395.0004    0.051429    0.069890    0.054548
 1402.5004    0.051096    0.070173    0.054974
 1410.0004    0.048915    0.068913    0.052973
 1417.5004    0.046798    0.067000    0.050010
 1425.0004    0.046186    0.065505    0.047764
 1432.5004    0.047760    0.065242    0.046739
 1440.0004    0.050444    0.065888    0.046395
 1447.5004    0.053124    0.066624    0.045780
 1455.0004    0.054718    0.067029    0.044725
 1462.5004    0.054965    0.067218    0.043872
 1470.0004    0.054175    0.067300    0.044345
 1477.5004    0.053574    0.067374    0.046238
 1485.0004    0.052875    0.068670    0.048784
 1492.5004    0.051659    0.071243    0.051038
 1500.0004    0.049994    0.074005    0.051906
