HD214168     -35.7928      44.7019     -39.7972
HD214168      4.46096      4.75609      5.73171
-1500.0004   -0.011772   -0.013240   -0.002833
-1492.5004   -0.011627   -0.012690   -0.004053
-1485.0004   -0.013884   -0.012636   -0.004922
-1477.5004   -0.017243   -0.012574   -0.004523
-1470.0004   -0.020506   -0.012965   -0.002967
-1462.5004   -0.022718   -0.013053   -0.001783
-1455.0004   -0.022938   -0.013206   -0.001497
-1447.5004   -0.021675   -0.014111   -0.002819
-1440.0004   -0.019685   -0.015801   -0.004944
-1432.5004   -0.017648   -0.016823   -0.007415
-1425.0004   -0.016276   -0.017230   -0.009843
-1417.5004   -0.015854   -0.018266   -0.011821
-1410.0004   -0.016582   -0.020454   -0.013493
-1402.5004   -0.017403   -0.022942   -0.015109
-1395.0004   -0.016965   -0.024400   -0.016691
-1387.5004   -0.015580   -0.023740   -0.018281
-1380.0004   -0.014366   -0.021046   -0.019327
-1372.5004   -0.014459   -0.017780   -0.018609
-1365.0004   -0.016296   -0.015812   -0.015924
-1357.5004   -0.019383   -0.016485   -0.012540
-1350.0004   -0.022102   -0.017928   -0.010404
-1342.5004   -0.022582   -0.018544   -0.010086
-1335.0004   -0.020261   -0.017765   -0.011233
-1327.5004   -0.016509   -0.015531   -0.012229
-1320.0004   -0.012962   -0.012355   -0.012450
-1312.5004   -0.011393   -0.010481   -0.012588
-1305.0004   -0.012198   -0.011291   -0.013447
-1297.5003   -0.013934   -0.014306   -0.014944
-1290.0003   -0.015834   -0.017723   -0.015621
-1282.5003   -0.017406   -0.020445   -0.015345
-1275.0003   -0.018073   -0.022054   -0.014450
-1267.5003   -0.017204   -0.022681   -0.014508
-1260.0003   -0.015387   -0.022634   -0.016531
-1252.5003   -0.014488   -0.021070   -0.018869
-1245.0003   -0.015048   -0.018884   -0.019532
-1237.5003   -0.016783   -0.017669   -0.018298
-1230.0003   -0.018084   -0.017550   -0.016674
-1222.5003   -0.017619   -0.018301   -0.016003
-1215.0003   -0.015981   -0.019855   -0.015492
-1207.5003   -0.014650   -0.022021   -0.015075
-1200.0003   -0.015021   -0.023605   -0.014881
-1192.5003   -0.017376   -0.023610   -0.015274
-1185.0003   -0.021300   -0.022976   -0.015917
-1177.5003   -0.024447   -0.022396   -0.016807
-1170.0003   -0.025289   -0.021648   -0.018360
-1162.5003   -0.023814   -0.021313   -0.020199
-1155.0003   -0.021322   -0.021385   -0.021275
-1147.5003   -0.019893   -0.021800   -0.020513
-1140.0003   -0.019733   -0.022083   -0.018739
-1132.5003   -0.020228   -0.022114   -0.017237
-1125.0003   -0.021213   -0.022331   -0.015809
-1117.5003   -0.023349   -0.022580   -0.015055
-1110.0003   -0.025845   -0.022793   -0.014943
-1102.5003   -0.027091   -0.024016   -0.014935
-1095.0003   -0.026789   -0.026332   -0.015186
-1087.5003   -0.025785   -0.028818   -0.015789
-1080.0003   -0.024677   -0.030333   -0.016577
-1072.5003   -0.023755   -0.030625   -0.017788
-1065.0003   -0.023074   -0.029997   -0.018585
-1057.5003   -0.022307   -0.028290   -0.018797
-1050.0003   -0.021324   -0.026264   -0.018192
-1042.5003   -0.020476   -0.024716   -0.018041
-1035.0003   -0.020076   -0.023348   -0.018621
-1027.5003   -0.019564   -0.022907   -0.019893
-1020.0003   -0.019403   -0.023113   -0.020426
-1012.5003   -0.020521   -0.023769   -0.019718
-1005.0003   -0.023317   -0.024590   -0.018013
 -997.5003   -0.026769   -0.024218   -0.016101
 -990.0003   -0.029895   -0.022591   -0.015381
 -982.5003   -0.030705   -0.021116   -0.016403
 -975.0003   -0.029138   -0.020913   -0.018627
 -967.5003   -0.027015   -0.021046   -0.020636
 -960.0003   -0.026141   -0.021058   -0.021185
 -952.5003   -0.026162   -0.021147   -0.019958
 -945.0003   -0.025696   -0.021612   -0.017421
 -937.5003   -0.024019   -0.022325   -0.013808
 -930.0002   -0.021150   -0.023673   -0.010248
 -922.5002   -0.017804   -0.024594   -0.008957
 -915.0002   -0.016031   -0.024693   -0.010376
 -907.5002   -0.016140   -0.023645   -0.012870
 -900.0002   -0.017386   -0.023303   -0.015291
 -892.5002   -0.018548   -0.024332   -0.016870
 -885.0002   -0.019894   -0.025354   -0.017658
 -877.5002   -0.020806   -0.025166   -0.018819
 -870.0002   -0.020952   -0.023583   -0.020260
 -862.5002   -0.020128   -0.020992   -0.020948
 -855.0002   -0.019723   -0.018235   -0.019660
 -847.5002   -0.020445   -0.016422   -0.016484
 -840.0002   -0.021871   -0.016401   -0.012854
 -832.5002   -0.022092   -0.017436   -0.011083
 -825.0002   -0.020223   -0.018606   -0.011220
 -817.5002   -0.017356   -0.019578   -0.011214
 -810.0002   -0.014587   -0.019919   -0.009635
 -802.5002   -0.011490   -0.019097   -0.007301
 -795.0002   -0.009074   -0.017922   -0.005411
 -787.5002   -0.008376   -0.016842   -0.004165
 -780.0002   -0.009652   -0.016996   -0.004682
 -772.5002   -0.011491   -0.017817   -0.006589
 -765.0002   -0.012900   -0.018145   -0.007762
 -757.5002   -0.013825   -0.017969   -0.007915
 -750.0002   -0.014354   -0.017378   -0.007214
 -742.5002   -0.014027   -0.017149   -0.006247
 -735.0002   -0.012985   -0.017028   -0.006091
 -727.5002   -0.011940   -0.016047   -0.007370
 -720.0002   -0.011281   -0.014171   -0.008909
 -712.5002   -0.011375   -0.011972   -0.008858
 -705.0002   -0.011606   -0.010078   -0.006560
 -697.5002   -0.011359   -0.008903   -0.002998
 -690.0002   -0.009885   -0.009166    0.000042
 -682.5002   -0.006805   -0.010658    0.001866
 -675.0002   -0.002918   -0.011735    0.002341
 -667.5002    0.000127   -0.010463    0.002182
 -660.0002    0.001883   -0.007310    0.002087
 -652.5002    0.002845   -0.003666    0.002352
 -645.0002    0.004013   -0.000567    0.003272
 -637.5002    0.006347    0.001930    0.004565
 -630.0002    0.010066    0.004005    0.005373
 -622.5002    0.013799    0.006711    0.006366
 -615.0002    0.015694    0.009900    0.008388
 -607.5002    0.014638    0.011427    0.011189
 -600.0002    0.011049    0.010869    0.013660
 -592.5002    0.006762    0.008999    0.014280
 -585.0002    0.002978    0.007657    0.013188
 -577.5002    0.000015    0.008331    0.012770
 -570.0002   -0.002111    0.010643    0.013558
 -562.5002   -0.002755    0.013295    0.015059
 -555.0001   -0.001032    0.014872    0.016751
 -547.5001    0.001907    0.015060    0.018637
 -540.0001    0.005112    0.014631    0.020146
 -532.5001    0.008882    0.015185    0.021571
 -525.0001    0.012328    0.017488    0.022537
 -517.5001    0.015076    0.019553    0.023008
 -510.0001    0.017465    0.019834    0.023237
 -502.5001    0.020180    0.018747    0.024211
 -495.0001    0.022646    0.017933    0.025726
 -487.5001    0.023466    0.018433    0.026980
 -480.0001    0.022642    0.019955    0.027718
 -472.5001    0.020915    0.022141    0.027454
 -465.0001    0.020026    0.024184    0.026579
 -457.5001    0.020484    0.025344    0.026126
 -450.0001    0.021847    0.024710    0.026249
 -442.5001    0.022949    0.022840    0.026530
 -435.0001    0.023991    0.020992    0.026888
 -427.5001    0.024808    0.019782    0.026972
 -420.0001    0.026671    0.019906    0.026641
 -412.5001    0.028365    0.021052    0.026932
 -405.0001    0.029103    0.023212    0.028710
 -397.5001    0.028633    0.025182    0.030917
 -390.0001    0.028340    0.025755    0.033165
 -382.5001    0.028794    0.024692    0.035361
 -375.0001    0.030110    0.022189    0.037687
 -367.5001    0.031832    0.020317    0.039954
 -360.0001    0.033769    0.020946    0.042064
 -352.5001    0.035800    0.024315    0.043950
 -345.0001    0.037316    0.029718    0.043763
 -337.5001    0.038106    0.035879    0.041463
 -330.0001    0.037974    0.039376    0.039012
 -322.5001    0.037209    0.039140    0.038592
 -315.0001    0.037416    0.036761    0.040008
 -307.5001    0.039274    0.035038    0.042811
 -300.0001    0.042018    0.035212    0.045850
 -292.5001    0.045856    0.037066    0.048594
 -285.0001    0.050129    0.040448    0.051701
 -277.5001    0.053298    0.043900    0.055646
 -270.0001    0.054612    0.046652    0.059450
 -262.5001    0.054145    0.049618    0.061536
 -255.0001    0.053084    0.053459    0.062444
 -247.5001    0.052766    0.058266    0.063646
 -240.0001    0.054183    0.063745    0.066700
 -232.5001    0.057309    0.068997    0.071262
 -225.0001    0.061513    0.073650    0.075106
 -217.5001    0.065814    0.078618    0.077952
 -210.0001    0.069895    0.084016    0.081350
 -202.5001    0.073825    0.088378    0.086179
 -195.0001    0.077495    0.090713    0.091028
 -187.5001    0.081481    0.091323    0.094388
 -180.0000    0.086594    0.091918    0.096099
 -172.5000    0.091882    0.093520    0.096760
 -165.0000    0.096216    0.096807    0.096471
 -157.5000    0.099718    0.100707    0.095840
 -150.0000    0.102243    0.104314    0.096322
 -142.5000    0.103937    0.107216    0.098504
 -135.0000    0.106145    0.109943    0.100768
 -127.5000    0.108971    0.112496    0.101620
 -120.0000    0.112161    0.114925    0.101047
 -112.5000    0.114352    0.116609    0.101506
 -105.0000    0.114931    0.118232    0.105437
  -97.5000    0.115559    0.119996    0.111829
  -90.0000    0.116282    0.121542    0.118908
  -82.5000    0.117750    0.122572    0.125204
  -75.0000    0.120747    0.123672    0.129431
  -67.5000    0.124956    0.125441    0.132075
  -60.0000    0.129019    0.127070    0.134222
  -52.5000    0.133119    0.127804    0.136226
  -45.0000    0.136497    0.127462    0.137737
  -37.5000    0.138171    0.127067    0.138040
  -30.0000    0.137486    0.127258    0.136834
  -22.5000    0.134936    0.126712    0.134791
  -15.0000    0.132452    0.125632    0.132562
   -7.5000    0.131413    0.125110    0.130305
    0.0000    0.132056    0.125362    0.128023
    7.5000    0.133852    0.126533    0.126142
   15.0000    0.134494    0.128193    0.123988
   22.5000    0.133432    0.129955    0.121930
   30.0000    0.131781    0.132263    0.120041
   37.5000    0.130146    0.134725    0.118354
   45.0000    0.128493    0.135906    0.117367
   52.5000    0.127171    0.134627    0.117115
   60.0000    0.125819    0.131951    0.117803
   67.5000    0.124967    0.129571    0.119145
   75.0000    0.123241    0.127943    0.119646
   82.5000    0.120667    0.125985    0.117573
   90.0000    0.118395    0.123903    0.114183
   97.5000    0.116980    0.122225    0.111364
  105.0000    0.116023    0.121233    0.109950
  112.5000    0.114951    0.120330    0.108879
  120.0000    0.113465    0.119250    0.106710
  127.5000    0.110967    0.117683    0.104069
  135.0000    0.106731    0.115332    0.101848
  142.5000    0.102016    0.111877    0.100774
  150.0000    0.098864    0.108269    0.100007
  157.5000    0.098041    0.105488    0.098678
  165.0000    0.098223    0.102492    0.095365
  172.5000    0.097927    0.098145    0.090385
  180.0000    0.095088    0.091976    0.084878
  187.5001    0.089478    0.085415    0.080346
  195.0001    0.082189    0.079530    0.077397
  202.5001    0.075608    0.075066    0.075431
  210.0001    0.070568    0.071695    0.073241
  217.5001    0.067593    0.069315    0.070552
  225.0001    0.066642    0.067583    0.067796
  232.5001    0.066485    0.066884    0.065954
  240.0001    0.066428    0.066060    0.065631
  247.5001    0.065267    0.063607    0.065920
  255.0001    0.062459    0.059507    0.065745
  262.5001    0.058634    0.055178    0.063403
  270.0001    0.054797    0.051491    0.058513
  277.5001    0.051581    0.048573    0.052642
  285.0001    0.049265    0.045936    0.047630
  292.5001    0.047988    0.043788    0.043182
  300.0001    0.047276    0.041531    0.039254
  307.5001    0.046347    0.038506    0.036285
  315.0001    0.044603    0.033937    0.035214
  322.5001    0.042283    0.028463    0.035732
  330.0001    0.040126    0.023608    0.036550
  337.5001    0.037723    0.020646    0.036759
  345.0001    0.034993    0.019524    0.036142
  352.5001    0.031934    0.018795    0.035292
  360.0001    0.028501    0.017149    0.034245
  367.5001    0.026082    0.013657    0.032420
  375.0001    0.024831    0.009340    0.029632
  382.5001    0.024123    0.006050    0.026393
  390.0001    0.023676    0.005293    0.023775
  397.5001    0.023184    0.006602    0.022077
  405.0001    0.022760    0.007719    0.021793
  412.5001    0.022593    0.007598    0.022540
  420.0001    0.021826    0.006838    0.022616
  427.5001    0.019670    0.006034    0.020940
  435.0001    0.016002    0.004791    0.018638
  442.5001    0.012167    0.003140    0.016459
  450.0001    0.010268    0.001737    0.014821
  457.5001    0.010285    0.001102    0.013192
  465.0001    0.011085    0.001476    0.010936
  472.5001    0.011405    0.002711    0.008804
  480.0001    0.010915    0.004568    0.007681
  487.5001    0.010043    0.006409    0.007906
  495.0001    0.008587    0.007414    0.009361
  502.5001    0.006324    0.006938    0.011177
  510.0001    0.004367    0.006121    0.012259
  517.5001    0.003363    0.005482    0.011658
  525.0001    0.003078    0.003707    0.009428
  532.5001    0.002730    0.000409    0.006984
  540.0001    0.002017   -0.003067    0.004816
  547.5001    0.000928   -0.004606    0.003264
  555.0001   -0.000384   -0.003729    0.001515
  562.5002   -0.000718   -0.001999   -0.000359
  570.0002    0.000175   -0.001741   -0.001561
  577.5002    0.001652   -0.003163   -0.002061
  585.0002    0.002290   -0.004982   -0.001592
  592.5002    0.001396   -0.005784   -0.000396
  600.0002   -0.000336   -0.006104    0.001520
  607.5002   -0.002326   -0.006534    0.002940
  615.0002   -0.003821   -0.007692    0.002878
  622.5002   -0.004439   -0.008699    0.001409
  630.0002   -0.004805   -0.008787   -0.000692
  637.5002   -0.006649   -0.007965   -0.003408
  645.0002   -0.009260   -0.007455   -0.005816
  652.5002   -0.009829   -0.007566   -0.007258
  660.0002   -0.007503   -0.007762   -0.007901
  667.5002   -0.003667   -0.007891   -0.007360
  675.0002   -0.001138   -0.008306   -0.005138
  682.5002   -0.000608   -0.008922   -0.002332
  690.0002   -0.001546   -0.008931    0.000098
  697.5002   -0.002675   -0.008557    0.001471
  705.0002   -0.003924   -0.008743    0.001860
  712.5002   -0.005475   -0.009816    0.001592
  720.0002   -0.007268   -0.011755    0.001555
  727.5002   -0.008549   -0.013260    0.002161
  735.0002   -0.009099   -0.013277    0.002370
  742.5002   -0.009196   -0.011157    0.001913
  750.0002   -0.008698   -0.007991    0.001484
  757.5002   -0.007164   -0.005452    0.001162
  765.0002   -0.005851   -0.003726    0.001019
  772.5002   -0.004084   -0.002924    0.001248
  780.0002   -0.001557   -0.003383    0.001488
  787.5002    0.000889   -0.005454    0.000493
  795.0002    0.002522   -0.008233   -0.001687
  802.5002    0.002998   -0.009754   -0.004359
  810.0002    0.002371   -0.009756   -0.006164
  817.5002    0.001155   -0.008688   -0.006375
  825.0002    0.000000   -0.007624   -0.005633
  832.5002   -0.000692   -0.007477   -0.004705
  840.0002   -0.001458   -0.008595   -0.003551
  847.5002   -0.002527   -0.010147   -0.002317
  855.0002   -0.002684   -0.011113   -0.001596
  862.5002   -0.001922   -0.011691   -0.001329
  870.0002   -0.001033   -0.012166   -0.001707
  877.5002   -0.001060   -0.012529   -0.002725
  885.0002   -0.002151   -0.012333   -0.003919
  892.5002   -0.003042   -0.010886   -0.004254
  900.0002   -0.002451   -0.007973   -0.003761
  907.5002   -0.000610   -0.004213   -0.003170
  915.0002    0.001052   -0.000858   -0.002397
  922.5002    0.001648    0.002058   -0.001760
  930.0002    0.001578    0.003493   -0.000991
  937.5003    0.001253    0.003492    0.000481
  945.0003    0.000898    0.003692    0.002770
  952.5003    0.002356    0.004831    0.004919
  960.0003    0.005780    0.005921    0.006771
  967.5003    0.009415    0.005794    0.007686
  975.0003    0.011079    0.003827    0.007983
  982.5003    0.011205    0.001492    0.007946
  990.0003    0.011294    0.000991    0.008178
  997.5003    0.011821    0.002357    0.008990
 1005.0003    0.012423    0.004246    0.010053
 1012.5003    0.013045    0.005303    0.010917
 1020.0003    0.013289    0.004959    0.011144
 1027.5003    0.013396    0.003565    0.011070
 1035.0003    0.013587    0.001693    0.010914
 1042.5003    0.013836    0.000161    0.010724
 1050.0003    0.014042   -0.000087    0.010223
 1057.5003    0.014026    0.000878    0.008948
 1065.0003    0.013435    0.001772    0.007226
 1072.5003    0.012408    0.002107    0.005652
 1080.0003    0.011867    0.002063    0.004490
 1087.5003    0.013106    0.001898    0.004364
 1095.0003    0.016211    0.001747    0.005490
 1102.5003    0.019205    0.001827    0.007270
 1110.0003    0.019878    0.002002    0.008807
 1117.5003    0.018400    0.002363    0.009939
 1125.0003    0.016512    0.003048    0.011043
 1132.5003    0.015566    0.003825    0.012317
 1140.0003    0.016870    0.004169    0.014262
 1147.5003    0.019126    0.004290    0.015997
 1155.0003    0.021504    0.004920    0.017142
 1162.5003    0.023302    0.005391    0.017051
 1170.0003    0.023491    0.005084    0.016515
 1177.5003    0.021854    0.004102    0.016371
 1185.0003    0.019365    0.003870    0.015818
 1192.5003    0.017679    0.004795    0.014933
 1200.0003    0.016946    0.006867    0.013741
 1207.5003    0.016667    0.008361    0.012448
 1215.0003    0.016082    0.007878    0.011023
 1222.5003    0.014689    0.005155    0.009609
 1230.0003    0.013140    0.001710    0.008389
 1237.5003    0.011987   -0.001065    0.007445
 1245.0003    0.010916   -0.002903    0.006661
 1252.5003    0.009497   -0.003400    0.006369
 1260.0003    0.008325   -0.002329    0.006805
 1267.5003    0.007498    0.000387    0.007928
 1275.0003    0.006987    0.003902    0.009211
 1282.5003    0.006561    0.007122    0.010778
 1290.0003    0.007114    0.010562    0.011694
 1297.5003    0.008121    0.013991    0.012301
 1305.0004    0.009807    0.015563    0.012680
 1312.5004    0.012068    0.014435    0.012868
 1320.0004    0.013749    0.011688    0.012513
 1327.5004    0.014021    0.008708    0.011698
 1335.0004    0.013139    0.006341    0.010153
 1342.5004    0.012008    0.004812    0.009162
 1350.0004    0.011593    0.004421    0.009199
 1357.5004    0.012901    0.006205    0.009480
 1365.0004    0.014969    0.009846    0.009924
 1372.5004    0.016574    0.014254    0.010861
 1380.0004    0.017629    0.018309    0.011714
 1387.5004    0.020183    0.021178    0.011409
 1395.0004    0.023295    0.021741    0.009929
 1402.5004    0.024478    0.019418    0.008577
 1410.0004    0.023540    0.015611    0.007933
 1417.5004    0.021404    0.012379    0.008220
 1425.0004    0.019488    0.011621    0.008504
 1432.5004    0.017919    0.013732    0.007662
 1440.0004    0.016152    0.016514    0.005402
 1447.5004    0.014111    0.018110    0.003220
 1455.0004    0.012411    0.018523    0.002200
 1462.5004    0.012049    0.018051    0.003170
 1470.0004    0.012760    0.017719    0.006237
 1477.5004    0.014169    0.018818    0.010492
 1485.0004    0.015486    0.020425    0.014873
 1492.5004    0.016288    0.021325    0.018522
 1500.0004    0.017055    0.021476    0.021067
