# M69 E(B-V)=0.18, (m-M)_0 = 15.28
# BlueFlag Note: if (V-I)0 > 0.331 + 1.444 * (B-V)0 thenBlueFlag = 0. Value of 1 is good.
# Note: if BaumgardtCheck = 1, then there is atleast 1 member star within 3"of the candidate star in the cluster V&B21
# File Created: 04/17/2024 (MM/DD/YYYY)
# 	RA		Dec		(B-V)_0	M_u	M_B	M_V	u	B	V	I	BlueFlag	BaumgardtCheck
388	18 30 52.026	-32 24 16.01	-0.04	0.78	-0.14	-0.10	16.4421	15.3519	15.2201	15.0607	1	0
634	18 30 54.205	-32 23 07.21	-0.02	1.36	0.37	0.39	17.0210	15.8560	15.7025	15.4916	1	0
1124	18 30 59.986	-32 22 27.59	-0.04	1.86	0.88	0.92	17.5242	16.3697	16.2352	16.0482	1	0
1150	18 31 00.613	-32 21 30.41	-0.06	1.73	0.84	0.91	17.3914	16.3356	16.2228	16.0460	1	0
1203	18 31 08.197	-32 18 29.36	-0.03	1.48	0.88	0.91	17.1415	16.3652	16.2243	16.1366	1	0
1335	18 31 15.006	-32 17 41.93	-0.01	1.92	0.85	0.86	17.5853	16.3364	16.1757	15.8101	1	0
1661	18 31 16.277	-32 16 33.76	-0.24	2.22	2.18	2.42	17.8885	17.6823	17.7357	17.6013	1	0
1757	18 31 26.707	-32 14 57.20	-0.13	2.40	1.94	2.07	18.0591	17.4338	17.3905	17.2967	1	0
5292	18 31 48.849	-32 14 02.93	-0.13	84.34	2.97	3.09	99.9999	18.4621	18.4116	17.3554	0	0
