# M107 E(B-V)=0.33, m-M = 14.03
# 	RA		Dec		(B-V)_0	M_u	M_B	M_V	u	B	V	I
1	16 33 21.720	-13 04 34.27	0.74	1.87	0.85	0.10	17.6155	16.2092	15.1949	13.9054
2	16 33 21.430	-13 10 11.64	0.69	2.89	2.17	1.48	18.6397	17.5332	16.5728	15.4535
4	16 33 20.322	-13 04 53.84	0.92	1.27	-0.59	-1.51	17.0206	14.7580	13.5732	11.8995
7	16 33 20.096	-12 59 32.34	0.69	4.74	3.86	3.17	20.4876	19.2245	18.2587	17.3893
12	16 33 17.829	-13 03 43.05	0.95	2.00	1.38	0.44	17.7445	16.7282	15.5228	14.2042
14	16 33 17.580	-13 06 59.43	0.88	3.91	2.66	1.78	19.6597	18.0105	16.8689	15.5444
22	16 33 15.914	-13 03 30.42	0.54	3.78	3.22	2.68	19.5330	18.5973	17.7739	16.7760
23	16 33 15.838	-13 02 07.66	0.88	3.58	2.45	1.57	19.3291	17.8036	16.6598	15.2557
24	16 33 15.537	-13 04 04.15	1.22	4.74	3.65	2.43	20.4875	18.9702	17.5026	16.0637
25	16 33 15.389	-13 11 31.35	0.85	2.86	1.82	0.96	18.6042	17.1671	16.0502	14.7633
26	16 33 15.411	-13 04 05.29	0.45	4.07	3.70	3.25	19.8235	19.0851	18.3534	17.1869
30	16 33 14.801	-13 10 48.61	1.00	1.34	0.28	-0.72	17.0903	15.6181	14.3620	12.9752
31	16 33 14.549	-13 14 15.58	1.17	1.71	-0.48	-1.65	17.4601	14.8464	13.4264	11.8439
35	16 33 12.941	-13 08 48.40	0.53	1.02	0.35	-0.18	16.7747	15.7268	14.9131	13.8654
41	16 33 11.751	-13 14 10.46	0.60	3.27	2.72	2.13	19.0217	18.0984	17.2221	16.0520
42	16 33 11.873	-12 59 12.32	0.76	1.70	0.61	-0.15	17.4446	15.9733	14.9406	13.5552
46	16 33 11.466	-13 01 03.67	0.81	3.62	2.56	1.75	19.3717	17.9170	16.8368	15.5406
48	16 33 11.145	-13 07 59.07	0.85	1.66	0.82	-0.03	17.4048	16.1690	15.0543	13.8577
52	16 33 10.303	-13 05 32.98	0.79	4.00	2.94	2.16	19.7521	18.2995	17.2463	15.9992
57	16 33 09.511	-13 04 18.48	1.15	4.46	2.79	1.64	20.2078	18.1170	16.7218	15.1019
58	16 33 09.354	-13 12 42.84	0.71	2.87	2.16	1.45	18.6177	17.5262	16.5475	15.3556
60	16 33 08.531	-12 58 57.66	0.74	4.08	3.09	2.35	19.8298	18.4550	17.4450	16.1778
70	16 33 06.992	-12 59 03.62	0.77	2.38	1.79	1.03	18.1303	17.1535	16.1165	14.7846
71	16 33 06.726	-13 07 02.02	0.60	3.37	2.78	2.17	19.1187	18.1527	17.2700	16.1544
75	16 33 06.075	-13 12 04.86	0.68	4.18	3.41	2.73	19.9260	18.7765	17.8269	16.6890
81	16 33 04.454	-13 01 15.74	0.63	4.61	3.75	3.13	20.3630	19.1250	18.2206	16.8896
82	16 33 04.132	-13 15 01.30	0.87	1.75	1.14	0.27	17.5033	16.4951	15.3610	14.1803
84	16 33 03.636	-13 05 46.28	0.86	3.44	2.29	1.43	19.1851	17.6417	16.5141	15.1535
89	16 33 02.999	-13 00 14.76	0.71	3.38	2.76	2.05	19.1294	18.1275	17.1444	15.9370
90	16 33 02.713	-13 05 00.81	0.55	1.73	0.98	0.43	17.4840	16.3577	15.5278	14.4892
93	16 33 01.863	-13 10 21.55	0.78	3.18	2.22	1.44	18.9283	17.5822	16.5333	15.3698
95	16 33 01.724	-13 12 04.94	0.59	1.53	0.75	0.17	17.2795	16.1289	15.2612	14.2212
99	16 33 00.778	-12 58 10.46	0.70	3.27	2.48	1.77	19.0218	17.8409	16.8675	15.9604
110	16 32 59.449	-12 56 34.16	0.97	84.25	4.24	3.27	99.9999	19.5790	18.3545	17.1898
111	16 32 59.395	-12 56 43.95	0.80	3.04	2.11	1.30	18.7890	17.4624	16.3927	15.0962
113	16 32 59.148	-13 14 08.78	0.62	3.42	2.96	2.34	19.1660	18.3346	17.4368	16.3039
118	16 32 58.915	-13 13 32.76	0.81	4.09	3.23	2.42	19.8363	18.5889	17.5109	16.3196
120	16 32 58.691	-13 05 19.90	0.58	1.12	0.41	-0.16	16.8747	15.7882	14.9328	13.9377
121	16 32 58.395	-13 11 20.91	0.68	3.23	2.41	1.73	18.9790	17.7799	16.8238	15.7356
124	16 32 58.135	-13 01 59.44	0.93	2.75	1.35	0.42	18.5028	16.6904	15.5010	14.1169
128	16 32 58.075	-12 57 10.91	0.61	4.06	3.26	2.65	19.8075	18.6357	17.7480	16.4919
135	16 32 57.629	-13 07 29.81	0.80	4.63	3.93	3.13	20.3760	19.2885	18.2182	16.9898
138	16 32 56.762	-13 05 40.41	85.22	84.87	92.00	6.78	99.9999	99.9999	19.2346	17.6135
141	16 32 56.493	-13 00 03.51	0.76	4.34	3.60	2.84	20.0909	18.9560	17.9279	16.8060
143	16 32 56.454	-12 58 00.18	1.00	84.25	4.85	3.85	99.9999	20.1920	18.9340	17.3839
161	16 32 55.604	-12 56 05.28	0.44	4.27	3.00	2.57	20.0257	18.3927	17.6675	16.0557
162	16 32 55.430	-13 14 09.65	0.61	-0.35	-1.21	-1.82	15.3980	14.1598	13.2750	12.2129
176	16 32 54.840	-13 10 02.12	0.79	4.31	3.48	2.69	20.0612	18.8365	17.7822	16.4856
183	16 32 54.467	-13 05 08.10	0.65	4.73	3.93	3.28	20.4826	19.2949	18.3737	17.2749
184	16 32 54.346	-13 14 17.13	0.47	4.25	3.43	2.96	19.9965	18.8154	18.0610	16.8881
187	16 32 54.204	-13 05 53.67	0.68	1.00	0.16	-0.53	16.7524	15.5216	14.5635	13.4522
193	16 32 53.883	-13 11 54.06	0.87	1.66	0.55	-0.33	17.4099	15.8953	14.7579	13.4120
201	16 32 53.400	-13 13 54.27	0.67	3.60	2.91	2.24	19.3510	18.2782	17.3350	16.1309
202	16 32 53.524	-13 00 55.84	1.20	84.25	4.44	3.23	99.9999	19.7568	18.3098	16.5330
204	16 32 53.372	-12 58 02.81	0.82	2.24	1.11	0.29	17.9884	16.4681	15.3824	14.1808
210	16 32 53.014	-13 08 36.04	0.45	4.29	3.81	3.36	20.0374	19.1954	18.4584	17.3213
211	16 32 52.987	-13 06 01.34	0.45	4.66	4.13	3.68	20.4119	19.5153	18.7805	17.6334
231	16 32 52.148	-13 13 12.20	0.66	4.04	3.24	2.58	19.7898	18.6087	17.6731	16.5069
233	16 32 52.204	-13 00 53.61	0.86	2.13	0.93	0.07	17.8828	16.2838	15.1593	13.8882
240	16 32 51.723	-13 06 24.10	0.80	84.25	3.95	3.15	99.9999	19.3020	18.2358	16.9039
242	16 32 51.638	-12 59 16.29	1.03	84.25	3.60	2.56	99.9999	18.9322	17.6463	16.1185
244	16 32 51.324	-13 08 43.45	0.54	2.39	1.81	1.27	18.1448	17.1916	16.3681	15.3144
246	16 32 51.186	-13 08 05.89	0.60	84.25	4.51	3.91	99.9999	19.8856	19.0037	17.8059
250	16 32 50.734	-13 09 18.55	0.62	4.30	3.61	2.99	20.0457	18.9821	18.0881	16.8686
266	16 32 49.985	-13 00 00.60	0.70	4.78	3.82	3.13	20.5306	19.1877	18.2185	16.9099
267	16 32 49.802	-13 06 28.11	0.84	3.66	2.39	1.54	19.4047	17.7402	16.6319	15.3329
271	16 32 49.599	-13 12 28.15	0.63	2.97	2.29	1.65	18.7198	17.6583	16.7486	15.6421
281	16 32 49.339	-13 02 09.14	0.66	4.21	3.45	2.79	19.9612	18.8213	17.8850	16.7715
287	16 32 48.914	-13 07 37.63	0.63	84.25	4.47	3.83	99.9999	19.8371	18.9273	17.9170
288	16 32 48.912	-13 07 30.72	0.52	4.11	3.51	2.99	19.8649	18.8943	18.0921	16.9249
292	16 32 48.937	-12 57 16.57	85.88	84.87	92.05	6.18	99.9999	99.9999	18.6126	16.6960
299	16 32 48.723	-13 04 48.68	0.59	3.34	2.59	2.01	19.0880	17.9694	17.1013	15.9460
312	16 32 48.311	-13 09 11.99	0.40	84.25	4.81	4.42	99.9999	20.2064	19.5192	18.1829
322	16 32 48.047	-13 01 33.59	0.84	3.75	2.69	1.85	19.4966	18.0426	16.9382	15.6635
327	16 32 47.976	-12 58 44.17	1.21	84.25	4.45	3.23	99.9999	19.7683	18.3117	16.6194
337	16 32 47.797	-12 57 03.23	0.86	4.17	2.89	2.02	19.9203	18.2396	17.1118	15.7295
352	16 32 47.200	-12 55 38.55	0.79	3.92	2.94	2.15	19.6702	18.2998	17.2402	15.8931
354	16 32 47.105	-13 00 51.58	0.69	4.90	4.22	3.53	20.6459	19.5863	18.6237	17.3566
388	16 32 46.130	-12 55 07.44	0.81	3.54	2.71	1.90	19.2868	18.0637	16.9889	15.7665
397	16 32 45.831	-13 02 48.86	0.55	1.90	1.19	0.65	17.6518	16.5723	15.7426	14.6785
403	16 32 45.778	-13 02 10.68	0.60	1.55	0.76	0.17	17.2981	16.1363	15.2630	14.1710
407	16 32 45.639	-13 06 18.17	0.53	1.69	0.99	0.46	17.4448	16.3653	15.5560	14.5639
424	16 32 45.223	-13 02 04.53	0.92	4.51	3.52	2.60	20.2583	18.8622	17.6848	15.4522
427	16 32 45.114	-13 05 02.93	1.18	4.91	3.13	1.95	20.6552	18.4567	17.0313	15.2234
438	16 32 44.803	-13 07 14.18	0.94	3.54	2.26	1.32	19.2841	17.6004	16.4056	15.0728
454	16 32 44.533	-13 00 40.44	0.77	2.15	1.10	0.33	17.9010	16.4592	15.4238	14.2191
470	16 32 44.030	-13 14 52.88	1.24	4.74	3.01	1.78	20.4812	18.3318	16.8524	15.0589
473	16 32 44.134	-13 04 01.67	0.92	-1.19	-2.45	-3.37	14.5546	12.8979	11.7179	10.3721
480	16 32 43.921	-12 58 22.79	0.67	3.38	2.55	1.87	19.1313	17.9136	16.9669	15.8218
488	16 32 43.629	-13 10 20.24	0.70	0.97	0.05	-0.64	16.7181	15.4197	14.4506	13.3208
492	16 32 43.414	-13 15 18.45	0.51	2.29	1.69	1.18	18.0386	17.0735	16.2814	15.2432
497	16 32 43.479	-13 01 39.56	0.45	84.25	4.92	4.47	99.9999	20.3041	19.5684	18.5831
510	16 32 43.264	-13 00 39.99	0.65	1.20	0.32	-0.33	16.9451	15.6852	14.7614	13.6633
571	16 32 42.229	-13 05 32.87	0.64	4.40	3.89	3.25	20.1549	19.2584	18.3467	17.2968
575	16 32 42.089	-13 13 28.69	0.72	3.86	3.04	2.32	19.6068	18.4050	17.4132	16.1963
594	16 32 41.797	-13 12 40.56	0.59	2.49	1.66	1.07	18.2413	17.0352	16.1621	15.1086
614	16 32 41.704	-13 03 18.61	84.41	84.86	91.93	7.51	99.9999	99.9999	19.9937	18.7871
625	16 32 41.583	-12 59 06.67	0.30	84.25	3.85	3.55	99.9999	19.2532	18.6586	18.0036
667	16 32 41.044	-12 59 03.37	84.53	84.86	91.94	7.41	99.9999	99.9999	19.8871	18.3723
671	16 32 40.935	-13 04 34.83	0.59	84.25	4.45	3.85	99.9999	19.8219	18.9505	17.9053
684	16 32 40.805	-13 02 29.49	0.76	4.38	3.60	2.84	20.1307	18.9621	17.9356	16.7133
686	16 32 40.669	-13 14 06.38	0.94	2.89	1.58	0.65	18.6401	16.9287	15.7310	14.3811
692	16 32 40.640	-13 09 19.41	0.77	0.07	-1.18	-1.95	15.8203	14.1805	13.1401	12.0359
710	16 32 40.571	-13 02 04.70	0.37	84.25	4.34	3.97	99.9999	19.7331	19.0700	17.9327
783	16 32 39.743	-13 05 18.83	0.58	3.90	3.13	2.55	19.6514	18.5019	17.6424	16.4752
795	16 32 39.722	-12 57 22.17	85.30	84.87	92.00	6.71	99.9999	99.9999	19.1612	17.4413
874	16 32 39.062	-13 03 37.96	1.06	3.23	1.68	0.62	18.9748	17.0140	15.7063	14.2775
943	16 32 38.380	-13 03 37.53	0.83	84.25	4.88	4.05	99.9999	20.2344	19.1436	18.1455
948	16 32 38.335	-13 03 52.58	0.67	4.44	3.81	3.14	20.1903	19.1806	18.2361	17.1266
972	16 32 38.250	-12 55 04.68	0.78	3.19	2.26	1.48	18.9341	17.6142	16.5664	15.3338
978	16 32 38.201	-12 54 48.92	0.40	3.71	3.22	2.82	19.4624	18.6108	17.9190	16.9823
988	16 32 37.967	-13 03 13.09	0.43	4.69	3.90	3.47	20.4396	19.2912	18.5754	17.4066
1008	16 32 37.803	-13 02 32.05	0.38	84.25	4.36	3.98	99.9999	19.7534	19.0842	17.8084
1012	16 32 37.640	-13 12 46.60	0.63	3.23	2.46	1.83	18.9836	17.8292	16.9206	15.8112
1014	16 32 37.727	-13 03 35.38	0.71	0.97	-0.03	-0.74	16.7227	15.3300	14.3477	13.2279
1017	16 32 37.629	-13 12 11.04	0.63	1.35	0.44	-0.19	17.0956	15.8142	14.9056	13.8691
1047	16 32 37.522	-13 00 03.17	0.56	84.25	4.95	4.38	99.9999	20.3243	19.4807	18.3094
1053	16 32 37.433	-13 03 29.48	0.37	4.35	3.58	3.21	20.0995	18.9749	18.3171	17.2091
1066	16 32 37.293	-13 10 11.81	0.72	1.57	0.64	-0.09	17.3145	16.0022	15.0062	13.8807
1071	16 32 37.333	-13 03 26.55	0.48	84.25	4.89	4.40	99.9999	20.2701	19.5032	18.4740
1075	16 32 37.324	-13 02 39.39	0.61	84.25	4.51	3.90	99.9999	19.8822	18.9918	17.9524
1081	16 32 37.179	-13 12 26.24	0.73	1.85	0.86	0.13	17.5992	16.2264	15.2261	14.1094
1083	16 32 37.322	-12 56 56.20	1.21	-0.93	-2.73	-3.94	14.8177	12.5905	11.1344	9.6593
1106	16 32 37.129	-13 03 18.94	0.51	84.25	4.83	4.32	99.9999	20.2146	19.4211	18.4560
1111	16 32 36.976	-13 15 09.02	0.74	2.36	1.50	0.77	18.1051	16.8658	15.8600	14.5519
1122	16 32 36.965	-13 02 55.58	0.41	4.66	3.85	3.43	20.4108	19.2364	18.5350	17.4654
1151	16 32 36.792	-13 02 59.63	0.77	84.25	5.13	4.36	99.9999	20.4925	19.4545	18.1734
1168	16 32 36.735	-13 03 18.40	0.74	84.25	4.97	4.23	99.9999	20.3327	19.3257	18.0373
1187	16 32 36.636	-13 05 31.54	0.77	1.15	0.05	-0.73	16.8962	15.4039	14.3624	13.1715
1194	16 32 36.544	-13 06 44.29	0.67	4.92	4.62	3.95	20.6744	19.9873	19.0417	18.0148
1206	16 32 36.518	-13 02 17.52	0.35	3.97	3.35	2.99	19.7220	18.7411	18.0977	17.3837
1234	16 32 36.319	-13 02 04.34	0.11	84.25	4.54	4.43	99.9999	19.9579	19.5445	18.3411
1283	16 32 36.058	-12 58 41.10	0.66	4.59	3.92	3.27	20.3441	19.2925	18.3616	17.0368
1285	16 32 35.991	-13 04 10.47	0.79	4.79	4.09	3.30	20.5419	19.4485	18.3887	17.1845
1324	16 32 35.808	-13 03 57.02	0.44	5.19	4.42	3.98	20.9457	19.8121	19.0807	18.0544
1332	16 32 35.721	-13 08 18.80	0.69	2.43	1.62	0.93	18.1831	16.9821	16.0183	14.9221
1341	16 32 35.609	-13 13 07.84	0.68	1.92	0.95	0.27	17.6697	16.3188	15.3649	14.2543
1367	16 32 35.480	-13 09 01.97	0.58	1.90	1.13	0.55	17.6547	16.5027	15.6424	14.5874
1392	16 32 35.429	-13 00 56.28	0.62	84.25	4.83	4.21	99.9999	20.2023	19.3058	18.1107
1445	16 32 35.129	-13 02 05.83	1.21	5.10	4.87	3.65	20.8410	20.1886	18.7316	17.7986
1457	16 32 35.035	-13 03 14.25	0.65	4.73	4.11	3.46	20.4843	19.4792	18.5526	17.3335
1470	16 32 35.025	-12 59 56.59	0.47	5.17	4.67	4.19	20.9214	20.0526	19.2941	18.0103
1473	16 32 34.970	-13 03 39.28	0.68	5.04	4.37	3.69	20.7866	19.7347	18.7828	17.8270
1476	16 32 34.959	-13 02 57.60	0.65	4.96	4.34	3.68	20.7127	19.7044	18.7770	17.4091
1483	16 32 34.922	-13 03 34.08	84.93	84.87	91.97	7.05	99.9999	99.9999	19.5109	18.2620
1484	16 32 34.922	-13 03 21.02	0.46	4.65	3.83	3.37	20.3985	19.2138	18.4704	17.2777
1560	16 32 34.564	-13 02 46.97	0.59	3.80	2.91	2.33	19.5479	18.2898	17.4223	16.3304
1601	16 32 34.393	-13 02 52.43	0.18	5.03	3.88	3.70	20.7879	19.2867	18.8058	17.6297
1610	16 32 34.331	-13 03 41.48	0.64	84.25	4.37	3.73	99.9999	19.7414	18.8282	17.6539
1619	16 32 34.311	-13 03 09.61	0.72	4.96	4.04	3.33	20.7128	19.4052	18.4185	17.2355
1626	16 32 34.306	-13 03 02.33	0.91	5.11	4.58	3.66	20.8590	19.9233	18.7501	17.9234
1636	16 32 34.241	-13 03 53.37	0.59	4.67	3.85	3.26	20.4169	19.2279	18.3597	17.1938
1637	16 32 34.250	-13 02 38.96	0.63	4.98	4.16	3.53	20.7288	19.5334	18.6224	17.5854
1639	16 32 34.226	-13 03 11.99	0.33	4.76	3.66	3.33	20.5116	19.0569	18.4336	17.3385
1646	16 32 34.190	-13 04 39.90	0.51	5.14	4.38	3.87	20.8917	19.7635	18.9732	17.6259
1647	16 32 34.194	-13 03 10.98	0.59	4.18	3.63	3.04	19.9352	19.0003	18.1350	17.0913
1674	16 32 34.171	-12 55 52.98	1.35	4.77	3.21	1.85	20.5188	18.5162	16.9257	14.9142
1675	16 32 34.091	-13 03 01.36	85.15	84.87	91.99	6.84	99.9999	99.9999	19.2995	18.0451
1690	16 32 34.028	-13 03 18.45	0.74	2.65	1.95	1.22	18.4031	17.3148	16.3092	15.1619
1699	16 32 33.936	-13 09 33.37	0.92	4.71	3.52	2.60	20.4606	18.8660	17.6815	16.3659
1708	16 32 33.961	-13 04 05.49	0.56	4.13	3.45	2.89	19.8825	18.8232	17.9850	17.0478
1715	16 32 33.938	-13 03 18.38	0.66	5.05	3.61	2.94	20.7991	18.9750	18.0364	16.7550
1726	16 32 33.900	-13 03 35.80	0.92	84.25	4.46	3.54	99.9999	19.8079	18.6243	17.2364
1729	16 32 33.936	-12 58 59.78	0.83	84.25	4.83	3.99	99.9999	20.1819	19.0834	17.7224
1735	16 32 33.866	-13 03 15.12	0.72	4.93	4.21	3.48	20.6838	19.5681	18.5732	17.4666
1739	16 32 33.854	-13 03 22.63	0.30	4.68	3.37	3.08	20.4289	18.7715	18.1810	16.8312
1742	16 32 33.841	-13 03 16.84	0.62	4.78	3.78	3.16	20.5312	19.1475	18.2511	17.3111
1744	16 32 33.839	-13 02 39.10	0.70	4.65	3.92	3.22	20.4046	19.2869	18.3145	17.2828
1747	16 32 33.822	-13 03 08.15	0.79	5.17	4.54	3.75	20.9186	19.9007	18.8432	17.6030
1748	16 32 33.817	-13 03 00.59	0.48	4.89	4.20	3.71	20.6384	19.5792	18.8107	17.5480
1755	16 32 33.792	-13 03 43.24	0.73	4.71	3.97	3.24	20.4627	19.3327	18.3314	17.1756
1761	16 32 33.760	-13 05 23.54	0.40	84.25	4.83	4.43	99.9999	20.2255	19.5351	18.0772
1768	16 32 33.735	-13 03 40.45	0.39	5.11	4.13	3.75	20.8603	19.5248	18.8489	17.7548
1780	16 32 33.675	-13 03 09.54	0.80	4.80	4.09	3.29	20.5486	19.4417	18.3766	16.7616
1784	16 32 33.661	-13 03 35.29	0.51	4.27	3.39	2.88	20.0181	18.7703	17.9760	17.3471
1802	16 32 33.587	-13 03 45.99	84.96	84.87	91.97	7.02	99.9999	99.9999	19.4828	18.4055
1803	16 32 33.585	-13 03 36.48	0.70	4.49	3.76	3.07	20.2418	19.1268	18.1580	17.1083
1848	16 32 33.423	-13 03 21.71	0.78	84.25	4.68	3.90	99.9999	20.0339	18.9877	17.9838
1851	16 32 33.416	-13 03 16.05	0.96	84.25	4.10	3.14	99.9999	19.4409	18.2228	17.3540
1891	16 32 33.236	-13 03 12.40	0.69	4.50	3.94	3.25	20.2468	19.3013	18.3392	17.3568
1894	16 32 33.228	-13 03 04.58	0.27	4.25	3.47	3.20	19.9997	18.8769	18.3067	17.3805
1901	16 32 33.214	-13 02 15.92	0.88	4.47	4.12	3.24	20.2229	19.4739	18.3312	17.0501
1908	16 32 33.176	-13 03 46.22	0.08	4.67	3.66	3.58	20.4245	19.0786	18.6880	18.2817
1909	16 32 33.177	-13 03 35.28	0.78	84.25	4.12	3.35	99.9999	19.4808	18.4367	17.2924
1916	16 32 33.158	-13 03 07.32	0.70	4.36	3.72	3.02	20.1110	19.0878	18.1164	17.1102
1927	16 32 33.118	-13 03 25.75	85.82	4.38	92.05	6.23	19.5090	99.9999	18.6669	17.4284
1936	16 32 33.061	-13 02 47.72	0.51	5.24	4.43	3.92	20.9902	19.8138	19.0178	17.9442
1965	16 32 32.936	-13 03 26.47	0.68	5.47	4.66	3.97	21.2209	20.0228	19.0682	17.7772
1977	16 32 32.922	-13 02 40.06	84.61	84.86	91.94	7.33	99.9999	99.9999	19.8100	18.3541
1982	16 32 32.903	-13 02 37.80	0.45	4.69	3.82	3.37	20.4449	19.2110	18.4731	17.3898
1984	16 32 32.889	-13 03 45.61	0.83	84.25	4.90	4.07	99.9999	20.2508	19.1548	18.1402
1990	16 32 32.862	-13 03 52.57	0.24	4.65	3.95	3.71	20.4005	19.3562	18.8146	17.6343
1997	16 32 32.845	-13 02 49.66	0.65	84.25	3.28	2.63	99.9999	18.6472	17.7207	16.3120
1999	16 32 32.842	-13 02 32.04	0.74	4.62	3.55	2.82	20.3743	18.9139	17.9067	16.9316
2004	16 32 32.833	-13 02 19.57	0.42	4.47	3.48	3.06	20.2200	18.8686	18.1638	17.2603
2013	16 32 32.776	-13 03 36.45	0.78	5.07	4.33	3.55	20.8193	19.6901	18.6430	18.0300
2020	16 32 32.760	-13 03 46.88	0.58	4.66	3.90	3.32	20.4056	19.2761	18.4162	17.3848
2028	16 32 32.745	-13 02 05.81	0.72	4.98	4.34	3.63	20.7258	19.7077	18.7208	17.6599
2039	16 32 32.698	-13 03 25.46	1.02	5.05	4.47	3.45	20.7969	19.8069	18.5366	17.2452
2047	16 32 32.677	-13 03 01.88	0.71	4.92	4.31	3.60	20.6694	19.6715	18.6882	17.3470
2075	16 32 32.539	-13 02 58.47	0.66	4.52	3.71	3.04	20.2675	19.0759	18.1381	17.4533
2079	16 32 32.499	-13 03 17.73	0.45	4.20	3.44	2.99	19.9554	18.8295	18.0899	16.9845
2098	16 32 32.407	-13 03 24.48	0.58	4.25	3.77	3.19	20.0005	19.1432	18.2867	17.3790
2108	16 32 32.385	-13 03 45.09	0.89	5.36	4.75	3.87	21.1118	20.1030	18.9531	17.9839
2115	16 32 32.368	-13 03 17.16	0.67	4.37	3.85	3.18	20.1237	19.2164	18.2717	17.2637
2121	16 32 32.351	-13 03 13.49	0.35	84.25	3.88	3.53	99.9999	19.2737	18.6348	17.4210
2129	16 32 32.331	-13 03 15.97	0.55	4.01	3.14	2.60	19.7638	18.5221	17.6927	16.3829
2136	16 32 32.300	-13 03 05.78	0.94	3.74	3.15	2.21	19.4867	18.4934	17.2945	16.4820
2142	16 32 32.254	-13 02 58.38	0.77	5.30	4.71	3.93	21.0518	20.0669	19.0238	17.7051
2152	16 32 32.199	-13 04 13.66	0.74	4.53	3.87	3.14	20.2772	19.2348	18.2282	17.4619
2175	16 32 32.115	-13 03 48.88	0.62	84.25	4.39	3.77	99.9999	19.7635	18.8656	17.8972
2180	16 32 32.113	-13 01 46.61	0.42	4.57	3.87	3.46	20.3202	19.2646	18.5593	17.4202
2185	16 32 32.072	-13 03 39.83	0.60	4.56	3.89	3.29	20.3141	19.2675	18.3895	17.4603
2194	16 32 32.048	-13 03 10.45	0.41	3.51	2.80	2.39	19.2595	18.1931	17.4961	16.3550
2199	16 32 32.016	-13 04 01.77	85.26	84.87	92.00	6.74	99.9999	99.9999	19.1937	18.1141
2204	16 32 32.000	-13 03 57.68	0.87	84.25	5.02	4.15	99.9999	20.3729	19.2393	18.1328
2214	16 32 31.967	-13 03 41.13	0.45	5.15	4.12	3.66	20.9003	19.5034	18.7651	17.7223
2218	16 32 31.950	-13 03 26.97	0.63	5.58	4.41	3.78	21.3337	19.7823	18.8725	17.7209
2220	16 32 32.039	-12 54 37.27	0.70	4.01	3.09	2.39	19.7601	18.4507	17.4816	16.4665
2227	16 32 31.925	-13 02 26.03	0.65	84.25	4.17	3.52	99.9999	19.5375	18.6094	17.1169
2237	16 32 31.892	-13 02 55.83	0.57	84.25	3.98	3.41	99.9999	19.3555	18.5103	17.3819
2239	16 32 31.869	-13 03 06.18	0.50	84.25	4.27	3.78	99.9999	19.6539	18.8743	17.8357
2240	16 32 31.859	-13 03 55.58	84.65	84.86	91.95	7.30	99.9999	99.9999	19.7721	18.6778
2249	16 32 31.853	-13 01 45.33	0.76	84.25	5.05	4.29	99.9999	20.4087	19.3818	18.1775
2250	16 32 31.830	-13 03 32.14	0.29	5.24	4.18	3.88	20.9885	19.5779	18.9899	18.1554
2251	16 32 31.811	-13 04 29.18	0.24	84.25	4.30	4.07	99.9999	19.7089	19.1729	18.1825
2260	16 32 31.765	-13 04 44.04	84.99	84.87	91.98	6.99	99.9999	99.9999	19.4533	18.2787
2282	16 32 31.702	-13 03 33.67	0.86	3.10	2.08	1.22	18.8466	17.4296	16.3072	14.9422
2284	16 32 31.694	-13 03 25.77	1.10	4.52	3.33	2.23	20.2706	18.6567	17.3098	15.8643
2298	16 32 31.662	-13 02 42.02	0.61	4.71	4.01	3.40	20.4562	19.3861	18.4963	17.2783
2305	16 32 31.672	-12 59 48.73	0.75	4.05	3.37	2.61	19.7962	18.7289	17.7059	16.3951
2310	16 32 31.561	-13 07 00.31	0.57	2.07	1.24	0.67	17.8235	16.6115	15.7619	14.7030
2313	16 32 31.575	-13 03 42.19	0.45	5.02	4.27	3.82	20.7749	19.6560	18.9230	17.4118
2319	16 32 31.485	-13 09 29.61	0.88	4.17	2.89	2.01	19.9169	18.2412	17.0983	15.8300
2324	16 32 31.543	-13 03 04.83	0.30	4.40	3.59	3.29	20.1571	18.9902	18.3970	17.1076
2325	16 32 31.534	-13 03 49.74	0.68	5.17	4.39	3.70	20.9191	19.7539	18.7976	17.7413
2327	16 32 31.569	-13 00 08.76	1.17	84.25	4.19	3.02	99.9999	19.5157	18.1022	16.3337
2328	16 32 31.539	-13 02 37.81	85.02	5.83	91.98	6.96	20.9610	99.9999	19.4177	18.0577
2340	16 32 31.511	-13 03 27.07	0.77	84.25	4.79	4.01	99.9999	20.1448	19.1046	17.5152
2343	16 32 31.499	-13 04 00.75	0.58	4.77	4.34	3.76	20.5173	19.7185	18.8569	17.9826
2355	16 32 31.487	-13 02 55.80	0.31	84.25	3.60	3.29	99.9999	19.0020	18.3950	16.9773
2360	16 32 31.422	-13 02 49.67	86.18	5.07	92.08	5.90	20.2000	99.9999	18.3299	17.2185
2372	16 32 31.388	-13 02 59.91	1.02	2.76	1.20	0.18	18.5044	16.5357	15.2620	13.6918
2387	16 32 31.339	-13 03 08.78	0.63	4.30	3.68	3.05	20.0533	19.0561	18.1496	16.9274
2394	16 32 31.321	-13 02 50.45	0.26	3.68	2.71	2.44	19.4293	18.1113	17.5512	16.4990
2404	16 32 31.266	-13 04 03.67	0.62	84.25	4.31	3.68	99.9999	19.6796	18.7794	17.9916
2407	16 32 31.239	-13 03 10.65	1.09	5.06	4.35	3.26	20.8050	19.6830	18.3453	17.1615
2417	16 32 31.199	-13 03 15.70	0.79	3.97	3.42	2.64	19.7198	18.7826	17.7298	16.5875
2418	16 32 31.151	-13 06 59.15	0.47	1.35	0.55	0.08	17.0979	15.9390	15.1820	14.1761
2432	16 32 31.145	-13 03 00.88	0.28	84.25	3.61	3.33	99.9999	19.0123	18.4360	16.6494
2439	16 32 31.134	-13 02 32.31	0.50	4.52	3.80	3.30	20.2691	19.1841	18.3991	17.2960
2443	16 32 31.114	-13 03 13.55	0.77	84.25	4.61	3.84	99.9999	19.9693	18.9351	17.8646
2447	16 32 31.108	-13 03 07.57	0.55	4.77	4.08	3.53	20.5230	19.4578	18.6271	17.6421
2452	16 32 31.068	-13 04 32.27	84.79	84.86	91.96	7.17	99.9999	99.9999	19.6421	18.3570
2472	16 32 30.995	-13 03 40.89	-0.09	5.19	4.03	4.12	20.9415	19.4621	19.2371	99.9999
2473	16 32 31.006	-13 02 37.66	0.21	4.46	3.61	3.40	20.2084	19.0196	18.5055	17.3746
2477	16 32 30.983	-13 04 16.14	84.74	6.20	91.96	7.21	21.3340	99.9999	19.6839	18.4089
2480	16 32 30.977	-13 03 36.37	0.82	84.25	5.03	4.21	99.9999	20.3802	19.2953	18.0596
2481	16 32 30.976	-13 03 09.44	0.47	4.76	3.98	3.51	20.5089	19.3674	18.6134	17.3759
2502	16 32 30.847	-13 04 38.78	0.57	84.25	4.72	4.15	99.9999	20.0998	19.2498	18.1968
2503	16 32 30.893	-13 00 18.44	0.21	84.25	4.31	4.10	99.9999	19.7144	19.2074	17.8678
2519	16 32 30.788	-13 03 57.42	0.43	4.34	3.42	2.99	20.0872	18.8124	18.0945	17.0059
2523	16 32 30.793	-13 02 51.34	0.94	84.25	4.43	3.50	99.9999	19.7785	18.5841	17.4264
2524	16 32 30.789	-13 03 04.93	0.80	84.25	3.24	2.44	99.9999	18.5921	17.5266	16.4722
2531	16 32 30.760	-13 03 04.49	0.97	3.14	2.51	1.54	18.8857	17.8494	16.6210	15.4986
2535	16 32 30.731	-13 04 14.09	0.98	5.11	4.83	3.85	20.8616	20.1700	18.9332	17.8757
2537	16 32 30.718	-13 03 56.84	0.98	4.61	4.41	3.43	20.3532	19.7551	18.5169	17.5598
2551	16 32 30.598	-13 11 21.61	0.77	4.48	3.69	2.92	20.2313	19.0515	18.0145	16.8265
2569	16 32 30.631	-13 03 26.92	0.91	4.63	4.16	3.24	20.3764	19.5027	18.3303	17.3898
2579	16 32 30.574	-13 03 18.36	0.39	4.19	3.40	3.01	19.9428	18.7901	18.1111	17.0580
2583	16 32 30.560	-13 03 04.73	0.44	4.35	3.68	3.24	20.0978	19.0656	18.3377	17.0284
2601	16 32 30.490	-13 03 40.07	0.42	3.74	3.03	2.60	19.4965	18.4164	17.7058	16.6712
2618	16 32 30.440	-13 02 05.52	0.71	84.25	4.75	4.04	99.9999	20.1161	19.1359	17.9531
2627	16 32 30.349	-13 03 23.34	0.01	4.64	3.89	3.89	20.3947	19.3174	19.0008	17.9688
2637	16 32 30.333	-13 02 51.49	0.67	84.25	4.59	3.92	99.9999	19.9570	19.0174	17.8765
2656	16 32 30.276	-13 02 16.51	0.62	84.25	4.38	3.76	99.9999	19.7515	18.8528	17.6184
2658	16 32 30.259	-13 03 19.32	0.49	4.42	3.54	3.04	20.1695	18.9199	18.1424	16.8306
2665	16 32 30.233	-13 03 32.90	0.84	4.51	3.71	2.87	20.2604	19.0595	17.9559	16.7050
2668	16 32 30.223	-13 02 56.38	0.62	84.25	3.81	3.20	99.9999	19.1854	18.2905	17.4541
2681	16 32 30.181	-13 02 16.92	0.59	84.25	4.34	3.75	99.9999	19.7108	18.8416	17.6085
2682	16 32 30.173	-13 02 54.89	0.80	84.25	4.37	3.58	99.9999	19.7303	18.6670	17.6855
2690	16 32 30.134	-13 03 18.45	0.84	4.44	3.99	3.15	20.1838	19.3426	18.2387	17.0330
2691	16 32 30.135	-13 03 07.06	0.63	3.98	3.41	2.78	19.7336	18.7838	17.8756	16.4032
2695	16 32 30.112	-13 03 01.44	0.45	3.94	3.36	2.90	19.6880	18.7424	18.0049	16.8045
2699	16 32 30.077	-13 04 28.92	0.53	4.13	3.45	2.91	19.8833	18.8252	18.0092	16.9398
2707	16 32 30.052	-13 03 37.17	0.32	84.25	4.27	3.95	99.9999	19.6679	19.0583	17.8013
2727	16 32 29.979	-13 03 11.78	0.41	5.24	4.24	3.83	20.9911	19.6290	18.9345	17.5696
2759	16 32 29.851	-13 03 52.70	0.76	5.10	4.48	3.72	20.8507	19.8420	18.8154	17.9906
2767	16 32 29.847	-13 02 17.00	0.88	84.25	4.74	3.86	99.9999	20.0914	18.9493	17.7167
2777	16 32 29.774	-13 02 54.44	0.74	4.68	4.26	3.52	20.4273	19.6199	18.6123	17.7009
2786	16 32 29.716	-13 03 30.53	0.50	84.25	4.86	4.36	99.9999	20.2462	19.4584	17.9872
2797	16 32 29.699	-13 02 21.65	0.79	3.44	2.40	1.62	19.1859	17.7611	16.7050	15.7342
2802	16 32 29.668	-13 03 38.54	0.63	84.25	4.44	3.81	99.9999	19.8068	18.9042	17.8388
2803	16 32 29.673	-13 03 01.13	0.52	4.73	3.92	3.40	20.4769	19.3021	18.4997	17.5083
2842	16 32 29.459	-13 03 29.73	0.51	84.25	4.22	3.71	99.9999	19.5973	18.8039	17.5448
2865	16 32 29.370	-13 03 10.65	0.43	4.62	3.72	3.29	20.3764	19.1113	18.3931	17.2956
2870	16 32 29.322	-13 03 49.92	0.53	84.25	4.24	3.71	99.9999	19.6208	18.8052	18.0725
2876	16 32 29.306	-13 03 19.43	0.96	4.90	4.57	3.61	20.6514	19.9159	18.6974	17.7697
2899	16 32 29.213	-13 03 39.55	0.86	5.07	4.81	3.95	20.8184	20.1616	19.0370	17.5585
2909	16 32 29.166	-13 04 05.72	0.64	4.60	4.31	3.67	20.3520	19.6784	18.7661	17.6440
2912	16 32 29.173	-13 02 13.73	0.49	3.99	3.41	2.93	19.7440	18.7983	18.0248	16.7269
2913	16 32 29.154	-13 03 42.60	0.52	4.55	3.71	3.19	20.3005	19.0879	18.2893	17.0693
2918	16 32 29.135	-13 03 36.42	0.45	84.25	4.73	4.27	99.9999	20.1128	19.3718	17.9150
2919	16 32 29.217	-12 56 14.58	0.73	3.93	3.39	2.66	19.6757	18.7483	17.7512	16.6772
2922	16 32 29.131	-13 02 31.34	0.96	4.74	4.32	3.36	20.4853	19.6599	18.4420	17.4678
2927	16 32 29.114	-13 02 04.49	0.43	84.25	4.63	4.20	99.9999	20.0211	19.3037	17.9133
2932	16 32 29.095	-13 02 40.83	0.51	4.72	4.13	3.62	20.4693	19.5138	18.7174	17.6489
2989	16 32 28.785	-13 03 50.97	0.31	4.93	4.23	3.93	20.6817	19.6334	19.0321	18.0658
3003	16 32 28.729	-13 02 43.35	0.42	4.90	4.07	3.65	20.6501	19.4617	18.7551	17.5970
3004	16 32 28.693	-13 05 45.60	0.45	-2.38	-3.04	-3.48	13.3712	12.3512	11.6195	10.7585
3008	16 32 28.720	-13 01 27.82	0.37	84.25	4.48	4.11	99.9999	19.8719	19.2126	17.8692
3012	16 32 28.685	-13 03 49.79	0.58	4.98	4.31	3.73	20.7353	19.6835	18.8218	17.6070
3017	16 32 28.694	-13 02 30.30	0.38	5.11	4.12	3.74	20.8582	19.5168	18.8429	17.5621
3028	16 32 28.623	-13 04 15.79	0.59	4.23	3.63	3.03	19.9754	19.0016	18.1302	17.0044
3031	16 32 28.619	-13 04 12.06	85.31	84.87	92.00	6.69	99.9999	99.9999	19.1439	18.3295
3039	16 32 28.516	-13 07 43.98	0.69	1.41	0.42	-0.26	17.1591	15.7897	14.8301	13.7151
3051	16 32 28.537	-13 02 35.54	0.63	4.61	3.95	3.32	20.3586	19.3230	18.4137	17.3708
3055	16 32 28.514	-13 02 29.31	0.54	4.74	4.09	3.54	20.4892	19.4644	18.6402	17.4485
3056	16 32 28.507	-13 02 50.21	84.55	84.86	91.94	7.38	99.9999	99.9999	19.8609	18.5954
3069	16 32 28.415	-13 03 44.55	0.48	84.25	4.50	4.02	99.9999	19.8880	19.1201	18.1214
3075	16 32 28.260	-13 13 54.81	0.49	3.62	2.98	2.49	19.3687	18.3637	17.5857	16.4908
3077	16 32 28.352	-13 03 57.63	0.21	5.19	3.99	3.77	20.9385	19.3955	18.8815	17.5584
3083	16 32 28.297	-13 05 02.85	0.52	4.31	3.55	3.04	20.0571	18.9358	18.1345	17.0351
3084	16 32 28.301	-13 03 42.08	0.66	4.59	4.07	3.41	20.3376	19.4397	18.5049	17.4467
3088	16 32 28.285	-13 02 54.07	0.80	84.25	4.98	4.19	99.9999	20.3392	19.2748	18.1902
3095	16 32 28.242	-13 03 51.41	0.80	4.69	4.21	3.41	20.4356	19.5652	18.5002	99.9999
3104	16 32 28.206	-13 01 50.11	0.25	84.25	4.62	4.37	99.9999	20.0255	19.4790	18.0243
3106	16 32 28.185	-13 02 55.17	0.55	4.40	3.65	3.11	20.1487	19.0306	18.2031	17.3615
3110	16 32 28.164	-13 03 09.67	0.20	84.25	4.30	4.10	99.9999	19.7117	19.2111	18.1562
3122	16 32 28.034	-13 04 08.51	0.66	4.18	3.54	2.89	19.9335	18.9134	17.9799	16.8492
3132	16 32 28.047	-13 00 16.37	85.30	84.87	92.00	6.70	99.9999	99.9999	19.1564	17.6951
3140	16 32 27.980	-13 03 33.71	0.58	4.68	4.03	3.45	20.4261	19.4072	18.5446	17.5555
3142	16 32 27.955	-13 05 12.84	0.41	5.25	4.42	4.01	21.0017	19.8143	19.1135	17.9947
3143	16 32 27.977	-13 03 03.92	0.53	5.16	4.39	3.86	20.9065	19.7684	18.9609	17.8763
3148	16 32 27.958	-13 02 23.94	0.87	3.98	3.16	2.29	19.7323	18.5111	17.3786	16.3867
3155	16 32 27.890	-13 03 54.78	0.77	4.98	4.77	4.01	20.7298	20.1325	19.0967	18.1774
3158	16 32 27.863	-13 05 45.20	0.98	84.25	4.09	3.11	99.9999	19.4300	18.1893	16.7855
3175	16 32 27.805	-13 03 34.54	0.60	5.43	4.75	4.16	21.1846	20.1282	19.2545	18.2592
3180	16 32 27.778	-13 03 54.05	1.43	84.26	3.57	2.14	99.9999	18.8701	17.2054	15.1235
3192	16 32 27.712	-13 04 36.37	0.56	5.30	4.68	4.13	21.0526	20.0621	19.2246	18.0538
3230	16 32 27.516	-13 01 51.39	0.60	4.65	4.19	3.59	20.4046	19.5613	18.6864	17.4856
3231	16 32 27.496	-13 02 53.10	0.29	5.10	4.10	3.82	20.8478	19.5024	18.9214	17.8274
3254	16 32 27.357	-13 03 07.57	0.43	84.25	5.00	4.57	99.9999	20.3871	19.6722	18.6037
3256	16 32 27.349	-13 03 14.29	0.58	4.57	4.49	3.92	20.3168	19.8692	19.0129	18.0864
3271	16 32 27.296	-13 04 35.56	-0.16	84.24	4.69	4.85	99.9999	20.1264	19.9659	18.4575
3278	16 32 27.301	-13 02 35.69	85.13	84.87	91.99	6.86	99.9999	99.9999	19.3223	17.9513
3283	16 32 27.248	-13 03 56.98	0.57	5.08	4.36	3.79	20.8335	19.7391	18.8848	17.8783
3293	16 32 27.194	-13 03 33.56	0.79	5.17	4.73	3.94	20.9194	20.0896	19.0339	17.9591
3311	16 32 27.108	-13 03 17.77	0.55	84.25	4.63	4.08	99.9999	20.0035	19.1744	18.0708
3317	16 32 27.076	-13 02 14.66	0.63	4.98	4.24	3.61	20.7347	19.6143	18.7043	17.7259
3339	16 32 26.903	-13 02 56.39	0.49	84.25	4.52	4.03	99.9999	19.9015	19.1270	18.0892
3368	16 32 26.706	-13 02 21.76	0.40	84.25	4.48	4.08	99.9999	19.8724	19.1857	17.9959
3381	16 32 26.606	-13 03 55.66	0.50	4.30	3.62	3.12	20.0523	19.0068	18.2204	17.1608
3393	16 32 26.537	-13 03 46.57	0.44	4.69	4.10	3.66	20.4456	19.4910	18.7603	17.6292
3489	16 32 25.920	-13 02 29.96	0.59	84.25	4.36	3.77	99.9999	19.7308	18.8626	17.7106
3509	16 32 25.807	-13 03 24.63	0.66	4.46	3.96	3.30	20.2127	19.3262	18.3905	17.3269
3522	16 32 25.734	-13 03 35.65	0.61	4.76	4.10	3.50	20.5094	19.4769	18.5915	17.5758
3546	16 32 25.568	-13 01 08.75	1.01	84.25	4.17	3.15	99.9999	19.5046	18.2351	16.7884
3553	16 32 25.529	-13 00 03.85	0.95	4.02	3.12	2.17	19.7724	18.4672	17.2573	15.9601
3559	16 32 25.466	-13 00 08.63	0.89	84.25	4.88	3.99	99.9999	20.2302	19.0743	17.7728
3580	16 32 25.281	-13 01 40.51	0.31	84.25	4.67	4.36	99.9999	20.0645	19.4625	18.3033
3603	16 32 25.119	-13 03 11.95	0.46	4.67	3.96	3.50	20.4229	19.3428	18.5996	17.5389
3608	16 32 25.126	-12 58 28.64	1.02	2.79	1.58	0.56	18.5398	16.9190	15.6444	14.1998
3624	16 32 24.933	-12 59 48.88	0.65	4.96	4.40	3.75	20.7077	19.7723	18.8453	17.7401
3627	16 32 24.991	-12 52 41.10	1.09	2.62	1.91	0.83	18.3626	17.2447	15.9077	14.8634
3653	16 32 24.670	-13 02 42.42	0.64	3.15	2.50	1.86	18.8975	17.8713	16.9553	15.8858
3655	16 32 24.640	-13 02 49.94	0.64	4.14	3.41	2.77	19.8861	18.7774	17.8657	16.7225
3663	16 32 24.534	-13 06 05.57	0.61	84.25	4.77	4.16	99.9999	20.1398	19.2520	18.4428
3712	16 32 24.131	-13 02 45.53	0.54	4.57	3.87	3.33	20.3189	19.2502	18.4291	17.3474
3729	16 32 23.992	-13 03 17.66	0.53	84.25	4.27	3.74	99.9999	19.6503	18.8428	17.7156
3744	16 32 23.766	-13 08 54.43	0.95	4.71	3.52	2.57	20.4556	18.8634	17.6527	16.0582
3834	16 32 22.947	-13 03 51.69	0.50	2.47	1.74	1.24	18.2164	17.1230	16.3365	15.3266
3866	16 32 22.601	-13 02 25.84	0.75	5.14	4.67	3.91	20.8844	20.0258	19.0016	17.8498
3882	16 32 22.375	-13 03 50.59	84.57	84.86	91.94	7.37	99.9999	99.9999	19.8431	18.0287
3885	16 32 22.316	-13 03 32.66	0.56	5.07	4.33	3.78	20.8197	19.7122	18.8737	18.1204
3937	16 32 21.457	-13 15 06.32	0.46	1.74	1.19	0.73	17.4929	16.5781	15.8281	14.8990
3987	16 32 20.932	-13 01 22.64	1.29	84.25	3.41	2.12	99.9999	18.7236	17.1956	15.4140
3989	16 32 20.943	-12 58 42.27	0.35	84.25	4.08	3.73	99.9999	19.4769	18.8331	17.7036
4032	16 32 20.275	-12 59 35.34	0.84	4.42	3.64	2.80	20.1643	18.9922	17.8880	16.6100
4080	16 32 19.258	-13 01 35.79	0.25	84.25	4.74	4.49	99.9999	20.1465	19.5974	18.4640
4092	16 32 19.017	-12 57 49.72	0.66	3.42	2.82	2.16	19.1732	18.1849	17.2518	16.0704
4094	16 32 18.881	-13 03 45.55	0.55	4.83	4.04	3.49	20.5837	19.4186	18.5902	17.3763
4097	16 32 18.897	-12 59 57.74	0.77	3.31	2.50	1.72	19.0545	17.8542	16.8130	15.5785
4105	16 32 18.502	-13 08 19.20	0.63	4.78	3.74	3.11	20.5338	19.1132	18.2041	17.0463
4112	16 32 18.416	-13 01 24.47	84.89	84.86	91.97	7.08	99.9999	99.9999	19.5450	17.4325
4114	16 32 18.405	-13 01 13.22	0.59	84.25	4.36	3.77	99.9999	19.7358	18.8669	17.9243
4125	16 32 18.209	-12 59 53.39	0.84	84.25	4.77	3.93	99.9999	20.1213	19.0165	17.5321
4127	16 32 18.139	-12 55 52.54	0.58	3.66	3.07	2.48	19.4058	18.4436	17.5803	16.3312
4141	16 32 17.684	-13 11 45.72	0.71	2.34	1.43	0.72	18.0922	16.7914	15.8094	14.6574
4144	16 32 17.739	-13 00 03.95	0.66	4.29	3.44	2.79	20.0362	18.8136	17.8816	16.6339
4145	16 32 17.636	-13 08 09.72	0.76	3.66	2.81	2.05	19.4141	18.1688	17.1416	15.9576
4146	16 32 17.595	-13 11 28.57	0.77	4.31	3.22	2.45	20.0628	18.5754	17.5416	16.2961
4159	16 32 17.390	-13 07 01.46	0.83	4.40	3.50	2.67	20.1451	18.8510	17.7552	16.5596
4179	16 32 16.802	-13 02 27.01	0.37	84.25	4.88	4.51	99.9999	20.2728	19.6126	18.4066
4189	16 32 16.453	-13 05 04.52	0.61	4.82	4.04	3.43	20.5658	19.4090	18.5215	17.3182
4194	16 32 16.285	-13 06 58.23	0.48	4.11	3.45	2.97	19.8605	18.8342	18.0652	17.0648
4197	16 32 16.332	-12 59 33.78	0.55	84.25	4.45	3.90	99.9999	19.8297	18.9974	17.8163
4217	16 32 15.755	-13 04 52.08	0.95	-0.06	-1.31	-2.25	15.6890	14.0382	12.8314	11.4327
4235	16 32 15.182	-13 02 03.27	1.24	-1.29	-3.25	-4.49	14.4599	12.0703	10.5902	9.0169
4237	16 32 15.170	-12 59 39.81	1.09	4.08	2.77	1.68	19.8264	18.1027	16.7582	15.2465
4241	16 32 15.101	-12 59 25.63	1.06	4.63	2.99	1.93	20.3766	18.3200	17.0108	15.4217
4243	16 32 14.590	-13 14 03.18	0.66	3.93	3.14	2.47	19.6838	18.5037	17.5681	16.3241
4250	16 32 14.479	-13 07 20.08	0.61	2.43	1.58	0.97	18.1753	16.9528	16.0689	14.9721
4260	16 32 14.275	-13 02 13.50	1.15	4.30	2.51	1.36	20.0469	17.8368	16.4365	14.8860
4270	16 32 13.874	-12 57 00.22	0.90	84.25	4.23	3.34	99.9999	19.5822	18.4248	17.0315
4272	16 32 13.802	-13 00 31.22	0.41	4.08	3.49	3.08	19.8271	18.8819	18.1847	17.1856
4273	16 32 13.789	-12 58 55.65	0.65	2.31	1.72	1.07	18.0625	17.0882	16.1647	15.0974
4276	16 32 13.740	-13 00 22.18	0.98	84.25	4.30	3.32	99.9999	19.6447	18.4087	16.9572
4283	16 32 13.323	-13 15 29.26	0.35	-0.75	-1.52	-1.86	15.0049	13.8798	13.2409	12.1235
4294	16 32 12.954	-13 05 23.83	0.73	84.25	5.00	4.27	99.9999	20.3591	19.3627	17.3479
4303	16 32 12.547	-13 12 32.09	0.63	2.73	1.94	1.31	18.4790	17.3080	16.4036	15.3195
4308	16 32 12.361	-13 09 09.79	0.31	4.87	4.23	3.92	20.6238	19.6327	19.0297	18.2222
4312	16 32 12.281	-13 06 19.74	0.72	3.50	2.47	1.75	19.2533	17.8304	16.8433	15.6433
4316	16 32 12.165	-13 08 37.32	1.17	4.29	2.27	1.10	20.0319	17.5955	16.1802	14.5711
4330	16 32 11.049	-13 03 43.69	0.47	5.23	4.52	4.05	20.9774	19.9076	19.1496	18.0478
4332	16 32 11.045	-12 59 03.25	0.88	4.18	3.43	2.54	19.9331	18.7747	17.6300	16.3306
4333	16 32 10.861	-13 05 49.69	0.87	84.25	4.63	3.76	99.9999	19.9779	18.8446	17.6978
4343	16 32 10.183	-12 52 33.10	0.50	3.94	3.21	2.71	19.6895	18.5890	17.8056	16.9489
4345	16 32 09.905	-13 02 17.25	0.91	3.22	2.13	1.21	18.9693	17.4729	16.2989	14.8976
4361	16 32 08.810	-13 08 33.41	0.75	4.12	3.01	2.26	19.8715	18.3692	17.3522	16.1271
4367	16 32 08.723	-12 54 43.98	0.62	4.51	3.87	3.25	20.2585	19.2394	18.3448	17.5016
4382	16 32 07.764	-12 57 39.37	0.67	84.25	4.24	3.57	99.9999	19.6068	18.6674	17.3278
4390	16 32 07.338	-12 55 00.76	1.29	4.24	3.35	2.06	19.9812	18.6659	17.1336	15.9708
4396	16 32 06.912	-13 02 19.85	0.74	2.41	1.63	0.89	18.1636	16.9921	15.9775	14.8372
4399	16 32 06.563	-13 00 57.02	0.66	3.85	3.38	2.72	19.5976	18.7527	17.8182	16.7121
4401	16 32 06.309	-13 10 09.90	0.85	2.92	1.86	1.01	18.6722	17.2111	16.0942	14.8598
4402	16 32 06.414	-12 58 15.78	0.46	2.54	1.90	1.44	18.2872	17.2828	16.5382	15.2572
4405	16 32 06.127	-13 13 00.30	0.63	4.28	3.38	2.75	20.0330	18.7540	17.8496	16.6547
4412	16 32 05.891	-13 00 13.81	0.73	4.71	4.88	4.15	20.4544	20.2464	19.2461	18.1603
4414	16 32 05.736	-13 02 32.34	0.68	3.39	2.79	2.11	19.1443	18.1577	17.2006	16.0665
4415	16 32 05.733	-12 59 39.92	0.66	4.38	3.86	3.20	20.1266	19.2277	18.2927	17.1185
4418	16 32 05.462	-12 58 13.61	0.97	84.25	3.50	2.53	99.9999	18.8437	17.6162	16.1909
4421	16 32 05.146	-13 06 32.16	0.49	84.25	4.23	3.74	99.9999	19.6143	18.8409	17.8863
4425	16 32 04.960	-13 06 22.80	0.71	1.28	0.21	-0.50	17.0289	15.5727	14.5902	13.4215
4426	16 32 04.862	-13 09 44.78	0.64	3.77	3.01	2.37	19.5207	18.3816	17.4662	16.3716
4430	16 32 04.456	-12 59 16.66	0.63	3.15	2.58	1.95	18.9022	17.9508	17.0439	15.9256
4432	16 32 04.226	-13 02 40.21	1.14	84.25	4.63	3.49	99.9999	19.9554	18.5676	17.1611
4433	16 32 04.158	-13 02 01.74	1.02	3.51	2.06	1.04	19.2532	17.3944	16.1182	14.6904
4438	16 32 03.519	-13 08 02.06	0.75	4.28	2.96	2.21	20.0336	18.3186	17.2978	16.0220
4441	16 32 03.189	-13 09 57.63	0.80	4.73	4.04	3.23	20.4802	19.3925	18.3210	16.9906
4444	16 32 02.367	-13 03 08.50	0.81	4.20	3.36	2.56	19.9504	18.7186	17.6460	16.3350
4450	16 32 01.479	-13 06 01.21	0.57	1.52	0.80	0.22	17.2702	16.1720	15.3195	14.2666
4455	16 32 01.035	-13 12 12.81	0.70	4.34	3.22	2.52	20.0880	18.5880	17.6135	16.4255
4457	16 32 00.928	-13 10 37.43	0.83	3.38	2.28	1.45	19.1301	17.6341	16.5345	15.2784
4462	16 32 00.223	-12 56 50.07	1.06	4.45	4.18	3.12	20.1993	19.5112	18.2001	17.5957
4467	16 31 59.225	-13 00 36.08	0.67	4.55	4.01	3.34	20.2950	19.3812	18.4380	17.2534
4471	16 31 58.247	-13 13 24.44	1.04	-0.72	-2.54	-3.58	15.0249	12.7920	11.5025	9.9801
4473	16 31 57.940	-13 09 38.47	0.94	2.83	1.41	0.47	18.5737	16.7556	15.5600	14.1518
4475	16 31 57.693	-12 57 43.29	0.65	3.70	2.83	2.18	19.4461	18.1971	17.2723	16.1720
4479	16 31 57.330	-12 56 06.38	0.62	3.16	2.89	2.27	18.9072	18.2603	17.3678	16.2349
4480	16 31 56.804	-13 04 11.94	0.62	2.72	2.06	1.44	18.4750	17.4356	16.5378	15.3641
4482	16 31 56.719	-12 59 11.62	0.71	2.84	2.58	1.87	18.5929	17.9476	16.9613	15.7929
4484	16 31 56.188	-13 02 25.22	1.08	4.47	3.05	1.97	20.2212	18.3843	17.0538	15.5720
4485	16 31 55.377	-13 03 53.82	0.88	3.08	2.39	1.51	18.8245	17.7425	16.6019	15.3766
4486	16 31 55.344	-13 03 57.31	0.93	3.55	2.45	1.52	19.2969	17.7964	16.6051	15.2503
4487	16 31 55.390	-12 58 45.87	0.83	3.52	3.08	2.25	19.2696	18.4316	17.3407	16.4373
4494	16 31 54.079	-12 59 54.73	0.82	2.87	2.57	1.75	18.6225	17.9203	16.8358	15.4784
4497	16 31 53.879	-13 00 25.02	1.04	1.83	1.34	0.30	17.5774	16.6761	15.3845	13.9681
4500	16 31 53.410	-13 03 47.37	0.73	4.15	3.63	2.90	19.8987	18.9906	17.9871	16.8238
4501	16 31 52.932	-13 04 54.34	0.60	3.68	3.28	2.68	19.4294	18.6536	17.7730	16.7663
4505	16 31 52.428	-13 09 40.58	0.70	3.12	2.38	1.68	18.8669	17.7406	16.7726	15.6428
4507	16 31 52.384	-13 05 34.70	0.81	3.53	2.84	2.03	19.2800	18.1908	17.1149	15.9236
4511	16 31 51.689	-13 05 43.93	0.53	4.21	3.37	2.84	19.9655	18.7517	17.9391	16.7719
4514	16 31 51.395	-13 00 34.50	1.28	3.77	3.53	2.25	19.5115	18.8442	17.3238	16.3231
4515	16 31 51.160	-13 01 31.65	0.67	4.48	3.96	3.30	20.2307	19.3301	18.3891	17.6748
4519	16 31 50.757	-13 00 01.85	0.71	4.38	3.83	3.12	20.1324	19.1955	18.2124	17.8371
4520	16 31 50.751	-12 57 54.62	1.13	1.55	0.86	-0.26	17.3004	16.1899	14.8151	13.9861
4522	16 31 49.977	-13 11 09.90	0.60	1.54	0.58	-0.02	17.2921	15.9505	15.0721	13.7523
4523	16 31 49.204	-13 10 34.86	0.87	0.11	-0.71	-1.58	15.8587	14.6419	13.5110	12.2272
4533	16 31 46.914	-13 06 05.02	1.22	2.83	1.37	0.15	18.5806	16.6887	15.2298	13.7645
4534	16 31 46.898	-13 05 43.56	0.82	3.67	2.92	2.10	19.4143	18.2752	17.1918	16.0676
4535	16 31 46.565	-13 04 27.27	1.30	3.12	2.55	1.25	18.8677	17.8622	16.3235	14.9809
