# ngc2298 E(B-V)=0.14, m-M = 15.17
# 	RA		Dec		(B-V)_0	M_u	M_B	M_V	u	B	V	I
4	06 49 30.612	-35 57 00.74	83.25	84.52	89.45	6.19	99.9999	99.9999	20.0460	17.9254
8	06 49 30.425	-36 00 42.10	0.84	4.02	2.94	2.11	19.9127	18.6522	17.7168	16.6974
11	06 49 29.923	-36 01 29.72	84.35	84.53	89.52	5.17	99.9999	99.9999	18.9970	17.2652
17	06 49 29.654	-35 56 30.08	83.69	84.52	89.48	5.79	99.9999	99.9999	19.6320	17.7676
20	06 49 29.218	-36 02 38.69	83.67	84.52	89.47	5.81	99.9999	99.9999	19.6490	18.0517
24	06 49 29.167	-35 56 23.80	0.71	1.54	0.76	0.05	17.4394	16.4794	15.6673	14.7552
29	06 49 28.974	-35 56 29.24	83.53	84.52	89.47	5.93	99.9999	99.9999	19.7810	18.9810
34	06 49 28.444	-35 54 23.96	0.39	84.10	1.88	1.48	99.9999	17.6130	17.1031	16.4662
56	06 49 25.746	-35 55 33.63	0.83	3.53	2.53	1.70	19.4261	18.2397	17.3097	16.2884
66	06 49 25.194	-36 00 36.76	0.58	0.88	0.14	-0.44	16.7734	15.8677	15.1808	14.3404
72	06 49 24.898	-35 57 15.78	83.36	84.52	89.45	6.09	99.9999	99.9999	19.9410	17.7502
79	06 49 24.271	-35 58 03.22	0.84	1.39	0.20	-0.64	17.2850	15.9110	14.9729	14.0741
80	06 49 24.260	-35 57 50.66	0.92	3.81	2.76	1.83	19.7014	18.4611	17.4435	16.2790
95	06 49 23.335	-36 02 11.95	82.92	84.52	89.43	6.50	99.9999	99.9999	20.3630	18.6529
98	06 49 23.241	-35 58 11.24	1.15	84.11	4.34	3.19	99.9999	20.0334	18.7949	17.3510
109	06 49 22.560	-36 02 49.83	83.19	84.52	89.44	6.25	99.9999	99.9999	20.1070	17.5660
111	06 49 22.492	-36 00 33.98	0.69	3.29	2.51	1.81	19.1842	18.2255	17.4251	16.4677
112	06 49 22.410	-36 01 06.97	82.78	84.52	89.42	6.64	99.9999	99.9999	20.4990	17.6731
121	06 49 22.181	-36 00 42.92	0.49	-1.31	-2.01	-2.50	14.5864	13.7247	13.1192	12.4278
131	06 49 21.585	-36 01 55.20	82.57	84.52	89.41	6.83	99.9999	99.9999	20.6980	18.7614
152	06 49 20.350	-36 03 30.20	1.10	3.61	1.99	0.89	19.5053	17.6795	16.4909	15.1014
157	06 49 19.883	-36 00 02.88	1.50	84.11	4.21	2.71	99.9999	19.8826	18.3106	16.2913
161	06 49 19.793	-35 59 10.88	1.36	84.11	4.62	3.26	99.9999	20.2930	18.8569	17.1212
164	06 49 19.710	-35 59 11.54	83.13	84.52	89.44	6.31	99.9999	99.9999	20.1690	18.0088
178	06 49 18.623	-36 03 34.88	0.74	4.30	3.33	2.59	20.1976	19.0443	18.2010	17.1270
188	06 49 18.356	-35 57 09.79	83.21	84.52	89.45	6.23	99.9999	99.9999	20.0860	18.4996
206	06 49 17.160	-35 57 14.67	83.11	84.52	89.44	6.33	99.9999	99.9999	20.1860	18.0941
213	06 49 16.702	-35 55 30.15	1.43	84.11	5.19	3.76	99.9999	20.8657	19.3564	17.0197
228	06 49 15.509	-36 04 26.51	0.83	-0.89	-1.98	-2.81	14.9999	13.7279	12.7997	11.7161
229	06 49 15.625	-35 57 56.52	0.84	2.78	1.62	0.78	18.6744	17.3326	16.3909	15.3269
242	06 49 15.137	-35 58 29.03	1.00	84.11	5.07	4.07	99.9999	20.7668	19.6750	18.0075
276	06 49 13.806	-35 58 59.87	81.97	84.51	89.37	7.40	99.9999	99.9999	21.2800	20.1140
279	06 49 13.702	-35 58 33.71	1.22	84.11	3.30	2.08	99.9999	18.9867	17.6803	16.2429
290	06 49 13.394	-35 58 21.81	83.35	84.52	89.45	6.10	99.9999	99.9999	19.9510	17.8047
317	06 49 12.595	-35 58 19.75	1.37	84.11	3.54	2.17	99.9999	19.2173	17.7740	16.1886
328	06 49 12.165	-36 07 02.55	0.77	-0.29	-1.24	-2.01	15.6065	14.4726	13.6025	12.7535
384	06 49 10.494	-36 04 30.69	1.16	4.18	2.23	1.07	20.0744	17.9168	16.6700	15.1607
388	06 49 10.409	-36 04 20.50	1.23	84.11	3.79	2.56	99.9999	19.4768	18.1615	16.4816
395	06 49 10.285	-36 03 39.15	1.10	84.11	3.76	2.66	99.9999	19.4571	18.2670	16.8923
397	06 49 10.350	-35 57 38.82	82.29	84.51	89.39	7.10	99.9999	99.9999	20.9710	20.0414
422	06 49 09.815	-35 56 59.84	1.09	84.11	4.58	3.49	99.9999	20.2758	19.0918	17.4848
423	06 49 09.699	-35 59 40.06	83.34	84.52	89.45	6.11	99.9999	99.9999	19.9590	17.5139
428	06 49 09.606	-35 58 37.19	83.08	84.52	89.44	6.36	99.9999	99.9999	20.2140	17.6730
490	06 49 08.573	-35 53 39.60	1.23	84.11	3.50	2.27	99.9999	19.1849	17.8705	15.9621
497	06 49 08.345	-35 59 47.25	82.26	84.51	89.39	7.12	99.9999	99.9999	20.9960	20.1436
529	06 49 07.649	-36 06 58.78	0.53	3.66	2.92	2.39	19.5546	18.6529	18.0090	17.1318
530	06 49 07.776	-36 01 14.89	0.63	84.10	5.13	4.50	99.9999	20.8526	20.1116	19.2111
546	06 49 07.503	-36 00 49.57	0.49	4.61	4.22	3.73	20.5095	19.9506	19.3442	18.4906
548	06 49 07.433	-36 02 40.13	0.86	2.82	1.77	0.91	18.7140	17.4742	16.5182	15.4944
596	06 49 06.846	-35 59 09.12	82.21	84.51	89.38	7.17	99.9999	99.9999	21.0440	20.2272
604	06 49 06.751	-35 59 57.71	0.69	0.77	-0.21	-0.90	16.6611	15.5106	14.7111	13.7824
668	06 49 05.886	-35 59 36.65	0.46	84.10	4.62	4.16	99.9999	20.3514	19.7734	18.9424
674	06 49 05.769	-36 02 08.95	0.53	84.10	4.58	4.05	99.9999	20.3081	19.6657	18.8512
676	06 49 05.818	-35 59 34.20	0.49	84.10	5.15	4.66	99.9999	20.8780	20.2759	19.2574
684	06 49 05.787	-35 57 56.62	83.27	84.52	89.45	6.18	99.9999	99.9999	20.0350	17.9935
686	06 49 05.793	-35 56 47.48	1.19	84.11	4.20	3.00	99.9999	19.8864	18.6068	17.2382
699	06 49 05.585	-36 00 18.92	0.37	84.10	4.81	4.44	99.9999	20.5536	20.0607	19.2472
707	06 49 05.496	-36 00 09.19	83.46	84.52	89.46	6.00	99.9999	99.9999	19.8450	17.0448
716	06 49 05.419	-36 00 36.42	0.54	84.10	4.73	4.19	99.9999	20.4573	19.8059	18.9031
722	06 49 05.447	-35 58 04.46	0.69	84.10	5.24	4.55	99.9999	20.9598	20.1630	19.2423
755	06 49 05.146	-35 57 08.38	0.50	84.10	5.25	4.75	99.9999	20.9793	20.3691	19.1971
760	06 49 05.133	-35 55 55.47	82.81	84.52	89.42	6.61	99.9999	99.9999	20.4710	17.8449
781	06 49 04.902	-35 59 54.79	0.27	84.10	4.35	4.08	99.9999	20.0980	19.7028	18.9891
813	06 49 04.811	-35 54 00.12	82.76	84.52	89.42	6.65	99.9999	99.9999	20.5150	18.0304
882	06 49 04.238	-35 56 49.34	83.53	84.52	89.47	5.94	99.9999	99.9999	19.7830	17.5160
900	06 49 04.020	-35 59 57.85	82.12	84.51	89.38	7.25	99.9999	99.9999	21.1310	20.2242
904	06 49 03.902	-36 02 58.08	1.25	-1.20	-3.18	-4.43	14.6923	12.5073	11.1738	9.7735
914	06 49 03.895	-36 00 30.54	0.44	84.10	4.45	4.01	99.9999	20.1834	19.6270	18.3463
925	06 49 03.909	-35 56 48.23	0.69	0.40	-0.64	-1.33	16.2997	15.0839	14.2880	13.3683
933	06 49 03.726	-36 00 46.25	82.50	84.52	89.40	6.90	99.9999	99.9999	20.7660	20.0432
987	06 49 03.407	-36 00 59.22	83.07	84.52	89.44	6.37	99.9999	99.9999	20.2210	19.1687
1003	06 49 03.345	-36 00 10.09	0.77	84.11	4.78	4.01	99.9999	20.4904	19.6176	18.6904
1015	06 49 03.141	-36 03 21.53	1.38	84.11	4.95	3.58	99.9999	20.6312	19.1773	17.1059
1022	06 49 03.216	-35 58 47.03	0.49	4.98	4.29	3.80	20.8812	20.0218	19.4181	18.5656
1028	06 49 03.139	-36 01 27.04	0.74	84.10	1.61	0.87	99.9999	17.3261	16.4810	15.6019
1038	06 49 03.127	-36 00 12.88	0.51	84.10	4.68	4.17	99.9999	20.4132	19.7923	99.9999
1070	06 49 02.929	-36 00 36.39	82.61	84.52	89.41	6.79	99.9999	99.9999	20.6600	19.5425
1073	06 49 02.901	-36 00 26.53	0.51	4.63	4.16	3.65	20.5222	19.8945	19.2666	18.4343
1081	06 49 02.873	-36 00 49.91	0.53	84.10	5.16	4.63	99.9999	20.8921	20.2497	19.6676
1104	06 49 02.765	-36 01 02.40	0.36	4.39	3.57	3.21	20.2856	19.3113	18.8346	17.9143
1109	06 49 02.744	-36 00 42.15	82.56	84.52	89.40	6.85	99.9999	99.9999	20.7120	19.4332
1176	06 49 02.431	-36 01 22.56	0.50	84.10	4.67	4.16	99.9999	20.3968	19.7821	18.8791
1181	06 49 02.504	-35 57 21.03	83.84	84.52	89.48	5.65	99.9999	99.9999	19.4870	17.8303
1199	06 49 02.304	-36 01 53.83	82.15	84.51	89.38	7.23	99.9999	99.9999	21.1050	20.1319
1206	06 49 02.343	-35 59 06.29	0.49	-1.86	-2.62	-3.11	14.0393	13.1128	12.5082	11.7614
1224	06 49 02.298	-35 58 42.07	1.21	84.11	3.72	2.51	99.9999	19.4097	18.1131	16.7036
1225	06 49 02.258	-36 00 16.16	0.15	84.10	5.17	5.01	99.9999	20.9181	20.6375	19.7796
1226	06 49 02.250	-36 00 31.61	0.64	84.10	4.72	4.08	99.9999	20.4388	19.6898	18.9335
1248	06 49 02.134	-36 00 33.49	0.97	84.11	5.28	4.30	99.9999	20.9783	19.9115	19.2208
1277	06 49 01.890	-36 04 57.89	82.52	84.52	89.40	6.89	99.9999	99.9999	20.7530	19.0597
1291	06 49 01.931	-36 00 51.56	0.53	4.52	3.80	3.27	20.4114	19.5272	18.8859	17.9861
1298	06 49 01.927	-35 59 42.93	0.45	84.10	4.87	4.42	99.9999	20.5997	20.0352	18.9432
1342	06 49 01.771	-36 00 09.14	0.43	4.51	4.03	3.60	20.4031	19.7670	19.2161	18.4051
1347	06 49 01.768	-35 59 23.28	0.44	84.10	4.90	4.46	99.9999	20.6335	20.0780	19.0465
1360	06 49 01.714	-35 59 52.25	0.71	84.10	5.01	4.29	99.9999	20.7236	19.9045	19.1337
1362	06 49 01.706	-36 00 06.45	0.62	84.10	4.76	4.13	99.9999	20.4814	19.7485	99.9999
1372	06 49 01.680	-35 59 47.98	82.33	84.52	89.39	7.06	99.9999	99.9999	20.9340	19.9579
1373	06 49 01.649	-36 00 51.84	82.63	84.52	89.41	6.78	99.9999	99.9999	20.6470	19.5740
1388	06 49 01.599	-36 00 07.84	0.54	4.37	3.91	3.37	20.2684	19.6409	18.9872	18.3018
1390	06 49 01.592	-36 00 12.77	83.97	84.52	89.49	5.52	99.9999	99.9999	19.3560	18.9210
1391	06 49 01.451	-36 05 31.92	0.63	84.10	3.97	3.34	99.9999	19.6964	18.9537	17.9671
1402	06 49 01.566	-35 59 53.85	0.81	84.11	5.23	4.42	99.9999	20.9390	20.0322	19.0361
1405	06 49 01.552	-36 00 02.38	0.30	4.22	3.34	3.04	20.1139	19.0868	18.6655	18.4368
1407	06 49 01.546	-36 00 13.37	0.28	4.07	3.58	3.30	19.9706	19.3268	18.9261	18.0053
1434	06 49 01.430	-36 00 22.96	0.75	5.35	4.88	4.13	21.2495	20.5934	19.7411	18.6907
1444	06 49 01.394	-36 00 33.58	0.74	84.10	4.96	4.22	99.9999	20.6775	19.8359	19.4020
1445	06 49 01.409	-35 59 58.27	0.63	84.10	4.42	3.79	99.9999	20.1390	19.4016	18.5832
1449	06 49 01.389	-36 00 12.72	0.73	84.10	4.71	3.98	99.9999	20.4274	19.5957	19.0364
1456	06 49 01.373	-35 59 37.37	0.54	4.48	4.01	3.47	20.3781	19.7363	19.0861	18.3236
1460	06 49 01.330	-36 00 34.74	0.55	84.10	4.95	4.40	99.9999	20.6736	20.0150	19.4910
1468	06 49 01.310	-36 00 15.63	0.42	84.10	4.66	4.24	99.9999	20.3993	19.8616	18.7643
1485	06 49 01.263	-36 00 07.37	82.38	84.52	89.39	7.02	99.9999	99.9999	20.8880	20.0672
1495	06 49 01.234	-36 00 11.70	0.62	4.44	3.94	3.32	20.3371	19.6627	18.9356	18.0272
1496	06 49 01.228	-36 00 23.31	0.36	4.73	3.78	3.43	20.6285	19.5215	19.0466	18.2272
1499	06 49 01.233	-36 00 00.50	0.47	84.10	4.52	4.05	99.9999	20.2489	19.6655	99.9999
1503	06 49 01.193	-36 00 41.26	0.28	4.67	4.21	3.93	20.5676	19.9528	19.5521	18.8648
1509	06 49 01.168	-36 00 35.24	0.65	84.10	4.29	3.65	99.9999	20.0160	19.2612	18.3235
1517	06 49 01.133	-36 00 12.19	82.29	84.51	89.39	7.10	99.9999	99.9999	20.9720	19.5785
1521	06 49 01.091	-36 00 34.13	0.50	3.36	2.69	2.19	19.2561	18.4218	17.8074	16.7399
1525	06 49 01.083	-36 00 25.03	0.20	84.10	4.71	4.51	99.9999	20.4619	20.1374	18.8642
1529	06 49 01.066	-36 00 26.42	0.68	84.10	4.99	4.31	99.9999	20.7146	19.9259	18.5997
1536	06 49 01.052	-36 00 18.08	0.51	84.10	4.05	3.54	99.9999	19.7849	19.1603	18.1305
1543	06 49 01.023	-36 01 11.78	82.54	84.52	89.40	6.87	99.9999	99.9999	20.7350	19.7411
1550	06 49 00.984	-36 01 51.51	0.52	84.10	5.27	4.75	99.9999	20.9964	20.3674	19.1990
1556	06 49 01.007	-35 59 42.67	0.48	5.11	4.34	3.86	21.0043	20.0730	19.4809	18.5316
1572	06 49 00.925	-36 01 04.29	0.31	84.10	4.77	4.46	99.9999	20.5104	20.0775	19.2523
1577	06 49 00.914	-36 00 36.35	0.37	5.05	4.08	3.71	20.9466	19.8239	19.3329	18.4697
1585	06 49 00.863	-36 00 24.28	0.52	3.62	3.00	2.48	19.5154	18.7313	18.1017	17.1882
1594	06 49 00.869	-35 59 27.57	82.06	84.51	89.37	7.32	99.9999	99.9999	21.1950	20.2090
1605	06 49 00.819	-35 59 47.94	81.60	84.51	89.34	7.74	99.9999	99.9999	21.6310	20.6510
1609	06 49 00.793	-36 00 30.88	0.60	84.10	4.13	3.54	99.9999	19.8598	19.1520	18.4786
1616	06 49 00.768	-36 00 47.34	0.34	84.10	4.82	4.48	99.9999	20.5579	20.0991	18.9894
1627	06 49 00.731	-36 00 32.37	0.44	4.10	3.48	3.05	19.9963	19.2188	18.6651	18.3131
1628	06 49 00.745	-35 59 58.80	0.37	84.10	3.93	3.56	99.9999	19.6727	19.1807	17.9863
1630	06 49 00.743	-35 59 51.78	0.51	84.10	5.34	4.82	99.9999	21.0656	20.4384	19.7102
1631	06 49 00.720	-36 00 41.49	0.26	84.10	4.32	4.05	99.9999	20.0637	19.6757	18.8355
1632	06 49 00.734	-36 00 07.66	0.77	84.11	4.82	4.05	99.9999	20.5325	19.6605	18.7373
1642	06 49 00.666	-36 00 22.57	0.40	4.28	3.68	3.28	20.1803	19.4156	18.9013	18.3186
1659	06 49 00.613	-36 00 42.51	0.38	5.04	4.12	3.75	20.9320	19.8635	19.3680	18.2257
1661	06 49 00.606	-36 00 33.38	0.39	84.10	4.26	3.87	99.9999	19.9959	19.4851	18.7632
1664	06 49 00.597	-36 00 35.98	0.39	4.94	3.93	3.54	20.8357	19.6665	19.1612	18.1760
1668	06 49 00.590	-36 00 10.62	83.40	84.52	89.46	6.06	99.9999	99.9999	19.9040	18.8231
1670	06 49 00.593	-35 59 52.39	83.10	84.52	89.44	6.34	99.9999	99.9999	20.1960	19.3347
1676	06 49 00.585	-36 00 06.03	0.77	84.11	4.59	3.82	99.9999	20.3049	19.4277	18.3362
1677	06 49 00.582	-35 59 50.82	82.39	84.52	89.39	7.01	99.9999	99.9999	20.8760	19.3380
1683	06 49 00.578	-35 59 48.58	82.43	84.52	89.40	6.96	99.9999	99.9999	20.8330	19.5295
1687	06 49 00.538	-36 01 10.42	0.52	4.45	3.61	3.09	20.3508	19.3438	18.7088	17.9248
1697	06 49 00.552	-35 59 30.68	0.60	84.10	5.16	4.57	99.9999	20.8871	20.1819	19.2732
1711	06 49 00.546	-35 58 06.58	0.37	84.10	5.40	5.04	99.9999	21.1404	20.6556	19.5820
1721	06 49 00.464	-36 00 03.92	0.65	3.94	3.01	2.36	19.8311	18.7355	17.9763	17.2017
1729	06 49 00.467	-35 59 18.28	0.53	84.10	5.40	4.87	99.9999	21.1323	20.4917	19.7425
1730	06 49 00.433	-36 00 29.38	0.68	2.48	1.88	1.19	18.3790	17.5956	16.8069	15.7508
1731	06 49 00.424	-36 00 47.78	0.78	5.02	4.58	3.80	20.9147	20.2945	19.4127	18.4379
1740	06 49 00.389	-36 00 36.88	-0.01	84.10	4.22	4.23	99.9999	19.9792	19.8545	19.0026
1747	06 49 00.376	-36 00 18.27	0.29	84.10	3.61	3.32	99.9999	19.3515	18.9401	17.9976
1755	06 49 00.328	-36 00 54.71	0.39	5.18	4.31	3.92	21.0738	20.0463	19.5392	18.5055
1769	06 49 00.291	-36 00 16.90	0.32	3.29	2.74	2.42	19.1834	18.4806	18.0369	17.2241
1772	06 49 00.288	-36 00 13.00	0.13	2.37	2.60	2.47	18.2647	18.3580	18.0971	99.9999
1775	06 49 00.273	-36 00 25.38	0.30	84.10	2.87	2.57	99.9999	18.6115	18.1903	17.2911
1782	06 49 00.240	-36 00 40.82	83.14	84.52	89.44	6.30	99.9999	99.9999	20.1530	19.3451
1786	06 49 00.236	-36 00 20.24	0.10	3.35	2.44	2.34	19.2472	18.1972	17.9695	99.9999
1798	06 49 00.198	-36 00 31.05	0.58	4.55	3.96	3.38	20.4437	19.6893	18.9989	18.0546
1800	06 49 00.179	-36 00 51.51	0.78	84.11	5.31	4.52	99.9999	21.0191	20.1338	19.2826
1821	06 49 00.118	-36 00 02.99	0.68	3.70	2.93	2.25	19.5988	18.6478	17.8608	16.8819
1849	06 49 00.039	-36 00 11.71	0.33	3.73	3.06	2.73	19.6320	18.8007	18.3481	17.4946
1860	06 49 00.007	-36 00 16.17	0.55	3.79	3.21	2.66	19.6832	18.9420	18.2793	17.6244
1864	06 48 59.977	-36 01 05.40	-0.14	84.10	4.74	4.88	99.9999	20.5131	20.5120	19.3727
1865	06 49 00.003	-35 59 53.63	0.28	84.10	4.41	4.13	99.9999	20.1590	19.7530	18.6335
1870	06 48 59.991	-35 59 50.01	0.46	4.62	4.42	3.96	20.5120	20.1546	19.5786	18.6435
1875	06 48 59.947	-36 01 03.61	82.15	84.51	89.38	7.23	99.9999	99.9999	21.1010	20.0408
1882	06 48 59.959	-35 59 49.12	0.77	84.11	4.92	4.15	99.9999	20.6325	19.7615	18.9224
1892	06 48 59.917	-36 00 10.68	0.59	84.10	3.67	3.08	99.9999	19.3958	18.6978	17.8634
1907	06 48 59.841	-36 00 20.38	0.49	84.10	2.86	2.37	99.9999	18.5887	17.9830	17.2938
1916	06 48 59.797	-36 00 53.38	0.42	4.74	4.05	3.62	20.6352	19.7831	19.2429	18.4430
1921	06 48 59.796	-36 00 18.47	0.28	2.65	1.71	1.44	18.5435	17.4561	17.0580	99.9999
1932	06 48 59.775	-36 00 11.98	85.58	84.53	89.59	4.02	99.9999	99.9999	17.8200	16.8469
1941	06 48 59.734	-36 01 03.32	0.52	84.10	4.88	4.36	99.9999	20.6137	19.9776	18.8229
1942	06 48 59.760	-35 59 57.01	0.46	4.71	4.03	3.56	20.6091	19.7604	19.1826	18.2732
1943	06 48 59.749	-36 00 09.77	-0.17	84.10	3.54	3.71	99.9999	19.3150	19.3434	99.9999
1949	06 48 59.725	-36 00 25.85	0.35	4.00	3.40	3.05	19.8938	19.1395	18.6744	99.9999
1955	06 48 59.728	-35 59 54.57	0.33	84.10	4.53	4.19	99.9999	20.2684	19.8150	18.8557
1968	06 48 59.674	-36 00 02.30	84.04	84.52	89.50	5.45	99.9999	99.9999	19.2890	18.6028
1971	06 48 59.649	-36 00 41.88	84.14	84.52	89.50	5.37	99.9999	99.9999	19.1990	18.1527
1973	06 48 59.612	-36 01 37.31	1.02	3.73	2.26	1.24	19.6274	17.9587	16.8434	15.5266
1976	06 48 59.634	-36 00 18.73	0.68	3.30	3.07	2.39	19.1981	18.7936	18.0039	99.9999
1981	06 48 59.610	-36 00 55.75	0.71	4.87	4.25	3.53	20.7610	19.9647	19.1465	18.4004
1990	06 48 59.583	-36 01 01.03	0.65	4.35	3.73	3.08	20.2505	19.4492	18.6961	17.9484
1993	06 48 59.596	-36 00 02.93	0.29	84.10	3.97	3.68	99.9999	19.7107	19.3021	18.3794
1997	06 48 59.583	-36 00 25.10	0.22	2.53	1.74	1.53	18.4302	17.4934	17.1499	16.0206
1998	06 48 59.572	-36 00 42.07	0.63	3.61	3.13	2.50	19.5065	18.8552	18.1129	17.2052
2012	06 48 59.539	-36 00 36.57	0.62	84.10	3.87	3.25	99.9999	19.5901	18.8643	17.6970
2019	06 48 59.524	-35 59 59.00	83.60	84.52	89.47	5.87	99.9999	99.9999	19.7130	18.9456
2021	06 48 59.490	-36 00 39.94	0.61	84.10	4.42	3.81	99.9999	20.1483	19.4253	18.7289
2023	06 48 59.505	-35 59 59.93	0.22	4.44	3.92	3.70	20.3342	19.6714	19.3279	18.6615
2043	06 48 59.463	-35 59 50.55	0.63	4.47	3.73	3.09	20.3673	19.4494	18.7089	17.9456
2049	06 48 59.451	-35 59 51.62	0.56	84.10	5.14	4.57	99.9999	20.8632	20.1903	19.0903
2058	06 48 59.378	-36 00 38.14	0.79	84.11	4.99	4.20	99.9999	20.7053	19.8120	99.9999
2067	06 48 59.368	-36 00 14.64	0.11	2.65	2.18	2.08	18.5496	17.9404	17.7037	16.6686
2072	06 48 59.367	-35 59 53.61	0.54	84.10	4.60	4.06	99.9999	20.3256	19.6778	99.9999
2078	06 48 59.370	-35 59 00.75	0.33	4.91	4.45	4.12	20.8090	20.1926	19.7391	18.7738
2087	06 48 59.237	-36 02 52.99	1.41	84.11	3.36	1.95	99.9999	19.0371	17.5519	15.7242
2092	06 48 59.301	-35 59 42.83	0.61	84.10	4.80	4.19	99.9999	20.5237	19.8042	19.0337
2099	06 48 59.276	-35 59 52.84	0.70	84.10	5.12	4.42	99.9999	20.8377	20.0293	99.9999
2102	06 48 59.247	-36 00 16.23	0.27	1.17	0.16	-0.11	17.0661	15.9096	15.5169	14.4509
2104	06 48 59.235	-36 00 20.30	0.74	3.20	2.59	1.85	19.0916	18.3043	17.4610	16.6541
2111	06 48 59.227	-35 59 59.85	0.72	84.10	3.57	2.85	99.9999	19.2876	18.4675	17.6838
2117	06 48 59.201	-36 00 22.63	-0.14	3.33	2.69	2.84	19.2335	18.4655	18.4679	17.0497
2145	06 48 59.118	-36 00 21.01	0.47	84.10	3.25	2.78	99.9999	18.9873	18.3986	99.9999
2147	06 48 59.136	-35 59 36.41	0.42	84.10	4.46	4.04	99.9999	20.1954	19.6596	18.4802
2148	06 48 59.116	-36 00 23.61	0.30	84.10	3.85	3.56	99.9999	19.5967	19.1773	18.3899
2149	06 48 59.115	-36 00 19.98	0.60	2.91	2.26	1.67	18.8102	17.9896	17.2822	15.9627
2161	06 48 59.069	-36 00 09.13	0.51	84.10	3.45	2.94	99.9999	19.1829	18.5583	18.0419
2175	06 48 59.002	-36 01 09.98	0.90	84.11	4.91	4.01	99.9999	20.6199	19.6201	99.9999
2191	06 48 58.964	-36 00 17.25	0.71	2.88	2.42	1.71	18.7721	18.1416	17.3225	16.4656
2203	06 48 58.933	-36 00 34.20	0.53	3.88	3.45	2.92	19.7804	19.1791	18.5369	17.9586
2224	06 48 58.868	-36 00 45.65	0.53	84.10	4.13	3.61	99.9999	19.8635	19.2246	18.3617
2232	06 48 58.862	-36 00 02.64	0.55	4.24	3.67	3.12	20.1341	19.3962	18.7353	99.9999
2235	06 48 58.838	-36 00 41.00	0.64	3.64	3.49	2.85	19.5363	19.2163	18.4651	17.6887
2241	06 48 58.824	-36 00 09.25	0.19	84.10	4.29	4.10	99.9999	20.0391	19.7272	18.7865
2249	06 48 58.808	-35 59 56.72	0.46	84.10	3.71	3.25	99.9999	19.4454	18.8674	18.1709
2250	06 48 58.795	-36 00 26.43	0.38	84.10	3.43	3.05	99.9999	19.1643	18.6688	17.6830
2254	06 48 58.796	-36 00 08.23	0.48	4.12	4.07	3.59	20.0147	19.8055	19.2080	18.5079
2257	06 48 58.789	-36 00 07.42	83.42	84.52	89.46	6.03	99.9999	99.9999	19.8830	18.8802
2270	06 48 58.712	-36 00 35.10	0.91	84.11	4.48	3.56	99.9999	20.1818	19.1713	18.4956
2284	06 48 58.711	-35 59 29.34	0.49	4.23	3.50	3.01	20.1243	19.2358	18.6312	17.7796
2297	06 48 58.641	-35 59 57.02	0.18	84.10	3.75	3.57	99.9999	19.5052	19.1941	18.3999
2299	06 48 58.594	-36 01 15.16	0.46	84.10	4.59	4.13	99.9999	20.3255	19.7494	18.5484
2300	06 48 58.468	-36 05 55.46	0.90	4.56	3.47	2.57	20.4534	19.1787	18.1772	16.9971
2301	06 48 58.626	-35 59 32.69	0.11	84.10	5.47	5.35	99.9999	21.2228	20.9798	19.7675
2303	06 48 58.584	-36 00 54.36	0.45	84.10	4.37	3.92	99.9999	20.1086	19.5432	19.0319
2328	06 48 58.520	-36 00 29.07	0.70	84.10	4.54	3.84	99.9999	20.2580	19.4522	18.4383
2329	06 48 58.514	-36 00 42.21	0.66	84.10	4.56	3.90	99.9999	20.2781	19.5144	18.8139
2352	06 48 58.463	-35 59 52.59	0.60	84.10	4.64	4.04	99.9999	20.3666	19.6570	18.8105
2360	06 48 58.428	-36 00 33.65	0.69	4.47	3.43	2.74	20.3666	19.1520	18.3570	17.5619
2366	06 48 58.416	-36 00 17.51	0.63	84.10	3.17	2.55	99.9999	18.8943	18.1605	17.4659
2371	06 48 58.368	-36 00 45.23	0.76	5.39	4.94	4.18	21.2817	20.6563	19.7934	18.8812
2378	06 48 58.342	-36 00 50.01	0.60	84.10	5.07	4.47	99.9999	20.7948	20.0870	19.1367
2380	06 48 58.351	-36 00 13.22	0.59	84.10	4.82	4.23	99.9999	20.5504	19.8489	18.7255
2381	06 48 58.290	-36 02 23.61	0.39	4.61	4.22	3.83	20.5059	19.9613	19.4532	18.5689
2383	06 48 58.332	-36 00 36.99	0.50	5.00	4.01	3.52	20.8937	19.7423	19.1333	18.4240
2384	06 48 58.192	-36 05 43.88	1.40	84.11	2.95	1.55	99.9999	18.6263	17.1527	14.9958
2392	06 48 58.305	-36 00 31.56	0.59	84.10	4.41	3.82	99.9999	20.1355	19.4349	18.6726
2396	06 48 58.298	-36 00 07.69	0.69	84.10	4.56	3.87	99.9999	20.2790	19.4840	18.5821
2400	06 48 58.283	-36 00 06.41	0.34	84.10	4.46	4.12	99.9999	20.2056	19.7441	18.6997
2403	06 48 58.278	-35 59 58.71	0.36	3.81	3.18	2.83	19.7106	18.9244	18.4486	17.1455
2408	06 48 58.218	-36 01 16.44	0.51	4.74	4.13	3.61	20.6390	19.8557	19.2306	18.2915
2409	06 48 58.239	-36 00 25.06	0.46	84.10	3.27	2.81	99.9999	19.0032	18.4235	17.9099
2418	06 48 58.193	-36 00 40.77	0.74	84.10	4.61	3.87	99.9999	20.3213	19.4780	19.0015
2434	06 48 58.148	-36 00 11.44	0.90	84.11	4.99	4.08	99.9999	20.6938	19.6931	18.7318
2435	06 48 58.134	-36 00 18.86	83.25	84.52	89.45	6.20	99.9999	99.9999	20.0520	19.1907
2442	06 48 58.102	-36 00 19.69	0.25	4.65	3.94	3.70	20.5478	19.6908	19.3204	18.6486
2450	06 48 58.095	-36 00 05.67	0.39	84.10	4.20	3.81	99.9999	19.9366	19.4329	18.5598
2456	06 48 58.094	-35 59 39.84	0.37	4.52	3.98	3.61	20.4135	19.7152	19.2268	18.2776
2459	06 48 58.074	-36 00 06.80	0.46	84.10	4.69	4.23	99.9999	20.4236	19.8484	18.8156
2464	06 48 58.042	-36 00 26.59	0.26	4.41	3.73	3.47	20.3038	19.4771	19.0898	18.1901
2469	06 48 58.033	-36 00 04.78	83.28	84.52	89.45	6.17	99.9999	99.9999	20.0170	19.1230
2471	06 48 58.008	-36 00 58.98	0.66	84.10	4.88	4.22	99.9999	20.6016	19.8325	19.2111
2484	06 48 57.975	-36 00 33.79	0.74	84.10	4.74	3.99	99.9999	20.4529	19.6060	18.7991
2485	06 48 57.971	-36 00 39.07	0.61	84.10	4.60	3.99	99.9999	20.3279	19.6102	18.9614
2500	06 48 57.915	-36 00 26.67	0.39	4.35	3.52	3.13	20.2511	19.2590	18.7483	18.0291
2502	06 48 57.931	-35 59 46.80	0.49	3.56	2.84	2.35	19.4606	18.5764	17.9682	17.1284
2505	06 48 57.907	-36 00 19.85	0.78	84.11	5.03	4.25	99.9999	20.7405	19.8587	19.2529
2507	06 48 57.886	-36 00 51.69	0.34	4.43	4.02	3.68	20.3253	19.7612	19.3032	18.3873
2512	06 48 57.886	-36 00 32.73	0.59	4.48	4.03	3.44	20.3735	19.7584	19.0591	18.0869
2526	06 48 57.835	-36 00 27.39	1.00	84.11	5.16	4.16	99.9999	20.8594	19.7631	99.9999
2530	06 48 57.833	-35 59 39.16	0.32	84.10	3.28	2.96	99.9999	19.0233	18.5788	17.7157
2534	06 48 57.779	-36 01 02.60	0.50	84.10	4.87	4.36	99.9999	20.5975	19.9792	19.2097
2535	06 48 57.793	-36 00 29.48	0.57	84.10	4.79	4.22	99.9999	20.5203	19.8385	18.8699
2547	06 48 57.749	-35 59 58.00	82.77	84.52	89.42	6.64	99.9999	99.9999	20.5060	19.5171
2569	06 48 57.654	-36 00 07.78	0.33	84.10	4.85	4.52	99.9999	20.5907	20.1399	19.1986
2575	06 48 57.636	-36 00 11.86	0.45	4.37	3.97	3.52	20.2670	19.7039	19.1413	18.0779
2576	06 48 57.633	-36 00 19.38	0.81	84.11	4.92	4.12	99.9999	20.6367	19.7263	99.9999
2587	06 48 57.571	-36 00 38.65	0.11	4.12	3.28	3.18	20.0205	19.0395	18.8046	17.6776
2592	06 48 57.558	-36 00 40.99	0.42	84.10	3.77	3.36	99.9999	19.5078	18.9755	17.8466
2623	06 48 57.432	-36 00 07.07	0.92	84.11	4.90	3.98	99.9999	20.6007	19.5884	18.6010
2628	06 48 57.382	-36 00 38.35	0.45	5.09	4.51	4.06	20.9910	20.2419	19.6793	18.7445
2634	06 48 57.371	-36 00 16.40	0.89	84.11	4.38	3.49	99.9999	20.0855	19.1018	18.3178
2640	06 48 57.337	-36 00 32.41	82.90	84.52	89.43	6.53	99.9999	99.9999	20.3860	19.8531
2646	06 48 57.326	-36 00 04.51	0.40	3.83	3.27	2.86	19.7249	19.0049	18.4825	17.3358
2656	06 48 57.271	-36 00 27.04	-0.01	3.50	2.80	2.80	19.3972	18.5608	18.4325	17.8754
2658	06 48 57.274	-36 00 04.98	83.82	84.52	89.48	5.66	99.9999	99.9999	19.4990	18.6377
2659	06 48 57.104	-36 06 19.76	82.67	84.52	89.41	6.74	99.9999	99.9999	20.6060	17.9403
2661	06 48 57.264	-36 00 09.75	0.62	84.10	4.55	3.93	99.9999	20.2727	19.5424	19.0724
2666	06 48 57.233	-36 00 40.01	0.45	84.10	5.10	4.64	99.9999	20.8322	20.2632	19.1455
2691	06 48 57.142	-35 59 34.99	0.46	84.10	5.24	4.78	99.9999	20.9721	20.4013	19.5466
2704	06 48 57.074	-36 00 31.66	0.23	4.22	3.73	3.50	20.1220	19.4822	19.1262	18.2854
2709	06 48 57.065	-35 59 59.23	82.76	84.52	89.42	6.65	99.9999	99.9999	20.5150	19.7833
2712	06 48 57.057	-36 00 08.43	0.38	84.10	4.77	4.38	99.9999	20.5056	20.0029	18.6174
2721	06 48 57.036	-35 59 53.00	0.77	84.11	4.71	3.94	99.9999	20.4223	19.5486	18.9013
2733	06 48 56.970	-36 00 13.00	0.75	84.10	4.94	4.20	99.9999	20.6577	19.8081	18.9091
2741	06 48 56.951	-35 59 34.51	0.55	84.10	5.19	4.64	99.9999	20.9223	20.2611	19.4679
2747	06 48 56.918	-35 59 43.20	0.62	84.10	4.65	4.04	99.9999	20.3781	19.6523	18.7244
2751	06 48 56.902	-35 59 14.82	82.69	84.52	89.41	6.72	99.9999	99.9999	20.5830	19.7345
2753	06 48 56.858	-36 00 24.62	0.33	4.07	3.44	3.12	19.9676	19.1833	18.7370	18.1339
2762	06 48 56.849	-35 59 55.48	0.43	84.10	5.00	4.56	99.9999	20.7331	20.1829	19.4246
2770	06 48 56.786	-36 01 30.04	0.62	84.10	5.37	4.74	99.9999	21.0924	20.3595	19.3523
2772	06 48 56.803	-36 00 30.93	0.85	4.28	3.94	3.09	20.1724	19.6487	18.6981	18.0246
2774	06 48 56.805	-36 00 06.40	0.42	84.10	5.08	4.65	99.9999	20.8149	20.2737	19.2297
2777	06 48 56.756	-36 00 26.55	0.37	4.23	3.53	3.16	20.1288	19.2728	18.7799	17.9553
2792	06 48 56.624	-36 02 40.38	1.51	84.11	3.90	2.39	99.9999	19.5694	17.9859	15.8822
2799	06 48 56.663	-35 59 46.64	82.40	84.52	89.39	7.00	99.9999	99.9999	20.8660	19.5200
2801	06 48 56.669	-35 59 13.45	0.89	84.11	4.56	3.67	99.9999	20.2675	19.2838	18.7580
2805	06 48 56.621	-36 00 24.28	0.48	4.31	3.57	3.09	20.2069	19.3033	18.7041	18.0959
2858	06 48 56.399	-36 00 17.96	0.42	84.10	3.12	2.70	99.9999	18.8535	18.3186	17.2213
2889	06 48 56.249	-36 01 07.72	0.35	84.10	5.11	4.76	99.9999	20.8493	20.3842	19.6414
2892	06 48 56.247	-36 00 36.70	0.39	84.10	4.83	4.44	99.9999	20.5697	20.0571	18.9969
2908	06 48 56.179	-36 00 41.88	0.53	4.53	4.15	3.62	20.4264	19.8752	19.2339	18.3183
2925	06 48 56.089	-35 59 42.24	0.68	5.02	4.00	3.32	20.9114	19.7153	18.9327	18.2774
2945	06 48 55.961	-36 00 11.74	0.52	84.10	5.47	4.94	99.9999	21.1949	20.5605	19.3831
2946	06 48 55.949	-36 00 34.74	0.73	84.10	5.26	4.53	99.9999	20.9791	20.1438	19.2510
2949	06 48 55.934	-36 00 28.24	0.38	84.10	4.19	3.81	99.9999	19.9303	19.4348	18.4926
2953	06 48 55.929	-35 59 47.90	0.55	3.15	2.47	1.92	19.0442	18.2010	17.5383	16.4670
2963	06 48 55.865	-36 00 27.72	-0.02	84.10	3.02	3.05	99.9999	18.7865	18.6752	18.2717
2969	06 48 55.832	-36 00 14.40	0.64	84.10	5.50	4.86	99.9999	21.2240	20.4768	19.2922
2984	06 48 55.693	-36 01 13.34	0.47	4.87	4.28	3.81	20.7706	20.0098	19.4257	18.7437
3016	06 48 55.629	-35 57 53.80	83.53	84.52	89.47	5.94	99.9999	99.9999	19.7820	17.1322
3019	06 48 55.617	-35 57 52.57	83.12	84.52	89.44	6.32	99.9999	99.9999	20.1760	17.6211
3020	06 48 55.524	-36 00 46.28	0.42	84.10	3.84	3.42	99.9999	19.5716	19.0376	18.2420
3048	06 48 55.466	-35 59 05.12	0.81	84.11	4.23	3.42	99.9999	19.9413	19.0274	18.3348
3098	06 48 55.141	-36 00 21.85	82.19	84.51	89.38	7.19	99.9999	99.9999	21.0670	20.0494
3122	06 48 54.944	-36 00 05.94	0.65	84.10	4.99	4.34	99.9999	20.7084	19.9549	99.9999
3153	06 48 54.722	-36 00 22.18	0.47	5.17	4.45	3.98	21.0687	20.1787	19.5938	18.9058
3154	06 48 54.687	-36 01 30.30	82.13	84.51	89.38	7.25	99.9999	99.9999	21.1280	19.9531
3156	06 48 54.839	-35 55 42.76	0.82	1.47	0.38	-0.44	17.3642	16.0935	15.1716	14.1069
3170	06 48 54.654	-36 00 12.16	0.43	84.10	5.02	4.59	99.9999	20.7604	20.2138	19.2152
3203	06 48 54.440	-36 00 02.69	0.10	84.10	4.91	4.81	99.9999	20.6700	20.4395	19.4362
3234	06 48 54.147	-36 00 05.63	0.56	4.71	4.25	3.69	20.6083	19.9818	19.3066	18.6049
3242	06 48 54.060	-36 01 12.30	0.29	4.92	3.21	2.91	20.8165	18.9495	18.5353	99.9999
3266	06 48 53.915	-36 00 50.68	0.39	84.10	4.78	4.40	99.9999	20.5213	20.0150	19.1962
3273	06 48 53.853	-36 01 05.12	0.33	84.10	4.73	4.40	99.9999	20.4711	20.0248	19.1004
3315	06 48 53.483	-36 01 06.39	0.54	4.71	4.29	3.75	20.6064	20.0209	19.3672	18.6283
3331	06 48 53.275	-36 04 34.15	0.83	2.49	1.23	0.40	18.3858	16.9390	16.0117	15.0043
3357	06 48 53.125	-35 59 56.83	0.45	84.10	4.62	4.17	99.9999	20.3552	19.7862	18.9108
3360	06 48 53.174	-35 56 18.83	1.27	84.11	5.02	3.74	99.9999	20.7009	19.3453	17.6428
3364	06 48 52.843	-36 05 48.30	0.42	0.35	-0.49	-0.92	16.2471	15.2413	14.7028	14.0227
3374	06 48 53.036	-35 55 00.21	83.83	84.52	89.48	5.66	99.9999	99.9999	19.4980	17.7899
3390	06 48 52.822	-35 55 24.82	0.79	2.00	0.88	0.09	17.8991	16.5933	15.6990	14.6833
3400	06 48 52.610	-36 00 30.33	0.96	2.03	0.61	-0.35	17.9212	16.3153	15.2563	14.1414
3452	06 48 52.314	-35 55 34.07	0.47	-1.97	-2.76	-3.22	13.9255	12.9780	12.3957	11.6178
3453	06 48 52.188	-36 00 03.88	83.46	84.52	89.46	6.00	99.9999	99.9999	19.8460	16.8123
3454	06 48 52.167	-36 00 46.12	0.43	4.18	3.60	3.17	20.0789	19.3393	18.7910	18.0335
3506	06 48 51.635	-36 01 23.75	0.54	84.10	5.27	4.73	99.9999	20.9963	20.3449	19.4540
3507	06 48 51.672	-35 59 57.00	0.47	84.10	4.91	4.44	99.9999	20.6463	20.0576	19.2649
3531	06 48 51.487	-35 56 28.81	83.72	84.52	89.48	5.76	99.9999	99.9999	19.6020	17.6426
3533	06 48 51.355	-36 00 20.41	83.74	84.52	89.48	5.74	99.9999	99.9999	19.5840	17.6039
3544	06 48 51.134	-36 00 45.38	0.42	4.80	4.03	3.61	20.6991	19.7663	19.2278	18.4804
3584	06 48 49.999	-36 06 30.63	83.95	84.52	89.49	5.54	99.9999	99.9999	19.3770	16.8953
3622	06 48 49.566	-35 57 24.09	1.43	84.11	4.98	3.56	99.9999	20.6564	19.1533	17.3440
3628	06 48 49.216	-36 04 53.46	83.17	84.52	89.44	6.27	99.9999	99.9999	20.1270	17.4000
3662	06 48 48.306	-36 05 36.16	0.61	1.48	0.69	0.08	17.3736	16.4182	15.6965	14.8643
3707	06 48 47.451	-35 57 19.23	1.16	84.11	4.23	3.07	99.9999	19.9188	18.6741	17.1093
3787	06 48 44.549	-36 06 17.94	0.76	2.55	1.43	0.67	18.4414	17.1436	16.2833	15.2970
3788	06 48 44.597	-36 03 47.40	0.67	2.14	1.34	0.67	18.0307	17.0610	16.2856	15.4336
3808	06 48 43.724	-35 59 16.63	0.53	-1.98	-2.69	-3.22	13.9114	13.0431	12.4009	11.7385
3819	06 48 43.497	-35 54 37.18	1.07	84.11	4.01	2.95	99.9999	19.7102	18.5513	17.3138
3858	06 48 41.180	-35 53 59.36	0.64	-1.32	-2.26	-2.90	14.5732	13.4645	12.7151	11.9130
3875	06 48 40.287	-36 05 42.90	0.79	3.78	2.69	1.90	19.6756	18.4047	17.5149	16.4924
3878	06 48 40.197	-36 04 20.84	1.05	4.96	3.43	2.39	20.8545	19.1295	17.9909	16.6598
3886	06 48 40.084	-35 53 48.83	83.68	84.52	89.47	5.79	99.9999	99.9999	19.6380	17.8597
3903	06 48 38.995	-36 01 16.59	0.67	0.62	-0.31	-0.99	16.5181	15.4085	14.6287	13.7657
3912	06 48 38.588	-36 02 35.89	0.48	4.83	4.39	3.91	20.7226	20.1206	19.5250	18.8299
3924	06 48 38.268	-35 53 43.96	0.46	-0.81	-1.45	-1.90	15.0837	14.2880	13.7165	12.9862
3930	06 48 37.870	-35 57 44.25	0.80	2.02	0.95	0.15	17.9134	16.6610	15.7640	14.7642
3944	06 48 36.730	-36 00 59.31	1.21	84.11	4.39	3.18	99.9999	20.0740	18.7810	17.4142
3952	06 48 36.532	-36 00 07.33	1.09	4.67	2.97	1.88	20.5680	18.6674	17.4877	16.1241
3960	06 48 36.174	-36 03 44.61	1.17	3.96	2.14	0.97	19.8561	17.8307	16.5723	15.1715
3961	06 48 36.179	-36 02 32.18	82.44	84.52	89.40	6.96	99.9999	99.9999	20.8310	18.4047
3976	06 48 35.312	-36 05 33.73	1.00	3.02	1.52	0.52	18.9142	17.2222	16.1319	14.9690
3988	06 48 35.062	-36 01 44.05	1.38	84.11	3.97	2.59	99.9999	19.6474	18.1854	16.6629
3995	06 48 34.937	-35 53 46.52	0.62	1.79	1.11	0.49	17.6833	16.8304	16.1007	15.1338
3997	06 48 34.682	-36 00 11.95	82.58	84.52	89.41	6.82	99.9999	99.9999	20.6880	18.7791
4003	06 48 34.414	-35 56 32.11	83.56	84.52	89.47	5.91	99.9999	99.9999	19.7540	18.1062
4007	06 48 34.042	-36 04 29.22	83.41	84.52	89.46	6.05	99.9999	99.9999	19.8990	17.5924
4008	06 48 33.930	-36 05 38.05	0.93	84.11	3.77	2.84	99.9999	19.4764	18.4516	17.2969
4012	06 48 34.029	-35 57 16.32	83.45	84.52	89.46	6.01	99.9999	99.9999	19.8610	17.7592
4039	06 48 32.508	-35 58 47.82	83.15	84.52	89.44	6.29	99.9999	99.9999	20.1480	18.5507
4045	06 48 32.137	-36 01 00.78	0.81	1.98	0.79	-0.03	17.8721	16.4975	15.5854	14.6416
4050	06 48 31.998	-35 57 01.47	0.91	3.95	2.73	1.82	19.8404	18.4349	17.4253	16.2293
4053	06 48 31.540	-36 04 57.11	0.56	-0.04	-0.78	-1.33	15.8536	14.9516	14.2844	13.4425
4060	06 48 30.801	-35 57 49.56	83.10	84.52	89.44	6.34	99.9999	99.9999	20.1910	17.9962
4073	06 48 29.871	-36 06 40.36	1.01	-0.65	-2.08	-3.09	15.2428	13.6170	12.5141	11.4726
4091	06 48 28.735	-35 54 31.55	1.34	3.10	1.25	-0.10	18.9932	16.9235	15.5006	13.7039
4095	06 48 28.168	-36 05 08.73	1.48	84.11	4.93	3.44	99.9999	20.5961	19.0393	16.7631
4099	06 48 28.253	-35 57 00.06	0.54	0.37	-0.39	-0.92	16.2649	15.3425	14.6950	13.7526
4104	06 48 28.085	-35 53 53.30	1.54	84.11	4.65	3.11	99.9999	20.3180	18.7094	16.7793
4120	06 48 26.669	-35 58 35.12	1.45	84.11	5.04	3.59	99.9999	20.7075	19.1856	17.6708
4122	06 48 26.311	-36 05 04.40	1.05	84.11	2.59	1.54	99.9999	18.2865	17.1411	15.9146
4177	06 48 24.010	-36 05 30.85	83.52	84.52	89.46	5.94	99.9999	99.9999	19.7900	17.4399
4180	06 48 23.939	-35 57 28.35	1.21	4.46	2.91	1.70	20.3539	18.5998	17.3021	15.8422
4181	06 48 23.869	-35 57 47.96	1.39	4.35	2.52	1.13	20.2378	18.1960	16.7265	14.6786
4182	06 48 23.943	-35 55 11.44	0.87	4.22	3.03	2.16	20.1172	18.7352	17.7694	16.6099
