# E3 E(B-V)=0.30, (m-M)_0 = 15.47
# BlueFlag Note: if (V-I)0 > 0.331 + 1.444 * (B-V)0 thenBlueFlag = 0. Value of 1 is good.
# File Created: 04/17/2024 (MM/DD/YYYY)
# 	RA		Dec		(B-V)_0	M_u	M_B	M_V	u	B	V	I	BlueFlag
11	09 22 57.630	-77 22 48.94	0.53	83.64	2.12	1.59	99.9999	18.1445	17.3572	16.2870	1
24	09 22 48.188	-77 12 33.27	0.64	83.64	2.25	1.61	99.9999	18.2655	17.3762	16.2466	1
27	09 22 47.087	-77 20 23.75	0.64	83.64	2.90	2.26	99.9999	18.9075	18.0182	16.9984	1
32	09 22 44.659	-77 19 51.11	0.68	83.64	2.64	1.97	99.9999	18.6529	17.7280	16.5828	1
36	09 22 42.843	-77 18 31.28	0.64	83.64	2.80	2.16	99.9999	18.8162	17.9243	16.8748	1
40	09 22 40.747	-77 23 04.72	0.65	83.64	3.44	2.79	99.9999	19.4508	18.5544	17.4593	1
46	09 22 38.067	-77 13 05.96	0.69	83.64	3.17	2.48	99.9999	19.1774	18.2363	17.0938	1
50	09 22 36.931	-77 15 31.37	0.86	83.64	3.28	2.42	99.9999	19.2700	18.1724	16.9744	1
56	09 22 33.358	-77 14 31.66	0.49	83.64	3.34	2.85	99.9999	19.3621	18.6190	17.3660	1
63	09 22 32.389	-77 13 02.60	0.71	83.64	3.37	2.66	99.9999	19.3799	18.4236	17.1284	1
65	09 22 31.263	-77 17 23.76	0.97	83.64	2.82	1.85	99.9999	18.8027	17.6005	16.4053	1
66	09 22 31.032	-77 16 08.81	0.86	83.64	2.35	1.49	99.9999	18.3434	17.2503	15.9584	1
78	09 22 26.943	-77 19 24.89	0.47	83.64	3.63	3.15	99.9999	19.6531	18.9198	17.7946	1
91	09 22 20.272	-77 22 32.14	0.74	83.64	2.99	2.25	99.9999	18.9891	18.0051	16.8984	1
93	09 22 19.290	-77 18 33.55	1.22	2.34	0.55	-0.67	18.6895	16.5111	15.0762	13.5005	1
98	09 22 16.951	-77 17 15.17	0.62	83.64	3.52	2.90	99.9999	19.5361	18.6629	17.4505	1
106	09 22 15.577	-77 15 45.82	0.97	83.64	3.50	2.53	99.9999	19.4859	18.2865	17.0597	1
126	09 22 05.684	-77 16 57.64	0.55	83.64	3.60	3.04	99.9999	19.6145	18.8066	17.8201	1
129	09 22 05.096	-77 21 05.49	0.54	83.64	2.67	2.13	99.9999	18.6901	17.8993	16.8112	1
130	09 22 04.687	-77 23 49.40	0.68	1.83	1.02	0.34	18.1863	17.0255	16.0960	14.9914	1
131	09 22 04.357	-77 16 23.49	1.01	83.64	3.30	2.29	99.9999	19.2823	18.0452	16.7633	1
132	09 22 04.288	-77 17 01.00	0.68	83.64	3.51	2.84	99.9999	19.5209	18.5960	17.5349	1
146	09 21 55.887	-77 20 33.70	0.72	83.64	3.72	2.99	99.9999	19.7215	18.7519	17.5791	1
147	09 21 55.480	-77 24 18.28	0.88	83.64	3.34	2.46	99.9999	19.3360	18.2188	16.8948	1
151	09 21 51.485	-77 12 56.40	0.64	83.64	2.23	1.59	99.9999	18.2398	17.3542	16.1890	1
153	09 21 50.662	-77 16 34.31	0.92	83.64	2.57	1.65	99.9999	18.5620	17.4037	16.0639	1
163	09 21 43.345	-77 21 10.29	0.67	83.64	3.83	3.16	99.9999	19.8396	18.9208	17.7273	1
175	09 21 38.968	-77 18 14.82	0.96	83.64	3.15	2.19	99.9999	19.1378	17.9473	16.5763	1
179	09 21 36.635	-77 12 05.81	0.56	83.64	3.46	2.90	99.9999	19.4763	18.6666	17.5604	1
180	09 21 36.531	-77 14 42.90	0.61	83.64	2.72	2.11	99.9999	18.7311	17.8687	16.7189	1
184	09 21 35.823	-77 11 19.91	0.59	83.64	3.30	2.70	99.9999	19.3107	18.4644	17.2347	1
186	09 21 34.203	-77 14 24.14	0.60	83.64	2.88	2.28	99.9999	18.8952	18.0435	17.0056	1
188	09 21 33.077	-77 14 20.99	0.65	83.64	3.29	2.64	99.9999	19.3041	18.4005	17.2617	1
189	09 21 32.800	-77 21 41.09	0.47	83.64	3.29	2.81	99.9999	19.3113	18.5808	17.5456	1
196	09 21 30.065	-77 11 37.36	0.52	83.64	2.81	2.29	99.9999	18.8314	18.0530	16.8346	1
198	09 21 29.105	-77 16 03.06	0.38	3.03	2.40	2.01	19.3946	18.4295	17.7843	16.9415	1
206	09 21 23.846	-77 15 40.93	0.51	83.64	3.69	3.19	99.9999	19.7169	18.9537	17.8672	1
207	09 21 23.063	-77 17 28.00	0.68	83.64	3.08	2.39	99.9999	19.0843	18.1531	16.9653	1
209	09 21 21.304	-77 12 54.40	0.67	83.64	3.49	2.83	99.9999	19.5038	18.5878	17.4646	1
210	09 21 21.287	-77 13 15.04	0.74	83.64	3.25	2.51	99.9999	19.2538	18.2662	17.0526	1
211	09 21 21.041	-77 15 41.17	0.57	83.64	3.79	3.22	99.9999	19.8095	18.9820	17.6894	1
217	09 21 19.571	-77 13 39.89	0.42	83.64	3.77	3.35	99.9999	19.7974	19.1187	18.0915	1
219	09 21 18.971	-77 18 18.60	0.45	83.64	3.53	3.09	99.9999	19.5606	18.8533	17.7049	1
221	09 21 18.471	-77 22 45.94	0.68	83.64	3.24	2.56	99.9999	19.2470	18.3229	17.3519	1
225	09 21 17.333	-77 15 30.99	0.74	83.64	3.29	2.55	99.9999	19.2951	18.3102	17.0768	1
230	09 21 16.516	-77 16 47.93	0.40	83.64	3.69	3.28	99.9999	19.7177	19.0525	18.1324	1
231	09 21 15.675	-77 18 04.12	0.86	2.77	1.59	0.73	19.1242	17.5803	16.4843	15.0777	1
241	09 21 12.739	-77 17 34.07	0.49	83.64	3.53	3.04	99.9999	19.5534	18.8032	17.9477	1
244	09 21 11.794	-77 16 32.62	0.74	83.64	3.49	2.75	99.9999	19.4937	18.5052	17.4963	1
254	09 21 10.088	-77 16 08.83	0.94	83.64	3.06	2.12	99.9999	19.0449	17.8759	16.5953	1
259	09 21 09.088	-77 17 21.09	0.89	83.64	2.75	1.86	99.9999	18.7419	17.6131	16.3323	1
262	09 21 08.293	-77 17 28.21	0.79	83.64	3.62	2.83	99.9999	19.6193	18.5861	17.3290	1
263	09 21 08.263	-77 16 15.69	0.52	83.64	3.45	2.93	99.9999	19.4680	18.6959	17.6072	1
267	09 21 07.488	-77 17 42.98	0.40	83.64	3.60	3.21	99.9999	19.6363	18.9783	17.9961	1
270	09 21 05.702	-77 16 45.95	0.71	83.64	3.04	2.33	99.9999	19.0430	18.0876	16.7459	1
271	09 21 05.470	-77 17 08.69	0.59	83.64	3.72	3.13	99.9999	19.7383	18.8982	17.6628	1
272	09 21 05.145	-77 18 08.47	0.62	83.64	3.97	3.35	99.9999	19.9859	19.1109	18.1023	1
275	09 21 04.458	-77 17 04.30	0.44	2.96	2.26	1.82	19.3225	18.2888	17.5855	16.5457	1
285	09 21 02.873	-77 21 32.90	0.76	83.64	2.46	1.70	99.9999	18.4629	17.4566	16.2653	1
291	09 21 02.207	-77 18 53.41	0.83	83.64	2.92	2.09	99.9999	18.9135	17.8419	16.6098	1
299	09 21 00.995	-77 16 34.34	0.78	83.64	2.45	1.66	99.9999	18.4453	17.4219	16.1225	1
301	09 21 00.581	-77 12 19.53	0.75	83.64	2.88	2.14	99.9999	18.8874	17.8963	16.7162	1
306	09 20 59.850	-77 17 14.58	0.42	83.64	3.56	3.14	99.9999	19.5908	18.9069	17.7786	1
312	09 20 58.328	-77 16 57.61	0.44	83.64	3.20	2.76	99.9999	19.2310	18.5282	17.4313	1
313	09 20 58.224	-77 15 46.77	0.80	1.98	1.01	0.21	18.3393	17.0060	15.9672	14.7377	1
314	09 20 58.144	-77 16 11.99	0.36	83.64	3.52	3.16	99.9999	19.5595	18.9337	18.1657	1
315	09 20 57.783	-77 20 37.20	0.85	83.64	2.74	1.89	99.9999	18.7335	17.6413	16.3850	1
316	09 20 57.448	-77 16 43.98	0.76	3.30	2.31	1.55	19.6529	18.3112	17.3055	16.0451	1
328	09 20 55.014	-77 17 46.20	0.21	2.89	1.92	1.71	19.2490	17.9684	17.4851	16.8334	1
331	09 20 54.067	-77 17 47.22	0.68	83.64	2.76	2.08	99.9999	18.7656	17.8370	16.6740	1
335	09 20 53.547	-77 16 13.51	0.60	3.20	2.54	1.95	19.5627	18.5583	17.7084	16.6420	1
337	09 20 53.205	-77 16 52.04	0.49	3.15	2.58	2.10	19.5118	18.6087	17.8643	16.8207	1
339	09 20 52.684	-77 16 37.44	0.83	83.64	3.50	2.67	99.9999	19.4930	18.4258	17.1037	1
341	09 20 51.365	-77 22 33.03	0.58	83.64	3.32	2.74	99.9999	19.3407	18.5052	17.3390	1
342	09 20 51.455	-77 16 48.88	0.85	83.64	3.45	2.60	99.9999	19.4486	18.3573	17.0941	1
350	09 20 49.466	-77 20 55.78	0.80	3.28	2.32	1.52	19.6396	18.3168	17.2762	16.0002	1
351	09 20 49.266	-77 22 58.30	0.74	83.64	3.47	2.74	99.9999	19.4772	18.4941	17.3963	1
356	09 20 48.347	-77 16 55.55	0.65	83.64	3.21	2.56	99.9999	19.2203	18.3195	17.2055	1
358	09 20 47.997	-77 15 15.33	-0.18	-2.43	-2.33	-2.15	13.9381	13.7521	13.6396	13.4365	1
361	09 20 47.629	-77 17 19.99	0.78	2.89	2.08	1.30	19.2423	18.0845	17.0609	15.8119	1
368	09 20 46.222	-77 18 02.60	0.52	83.64	3.34	2.82	99.9999	19.3638	18.5899	17.5685	1
370	09 20 45.678	-77 18 44.59	0.94	2.69	1.44	0.50	19.0433	17.4228	16.2499	14.8664	1
375	09 20 45.044	-77 17 02.20	0.68	83.64	3.58	2.90	99.9999	19.5924	18.6621	17.6325	1
382	09 20 43.538	-77 16 23.50	0.81	83.64	3.43	2.62	99.9999	19.4303	18.3765	17.1428	1
386	09 20 42.691	-77 19 07.30	0.82	83.64	3.41	2.59	99.9999	19.4019	18.3446	17.0742	1
401	09 20 39.620	-77 15 00.73	0.40	83.64	3.81	3.40	99.9999	19.8387	19.1735	18.1277	1
403	09 20 38.915	-77 20 08.83	0.69	83.64	2.65	1.96	99.9999	18.6588	17.7222	16.5847	1
404	09 20 39.376	-77 12 12.23	0.68	83.64	3.39	2.71	99.9999	19.3974	18.4671	17.3624	1
419	09 20 34.621	-77 17 03.07	0.96	2.27	1.03	0.07	18.6260	17.0170	15.8263	14.4523	1
425	09 20 33.725	-77 13 43.02	0.86	83.64	2.93	2.07	99.9999	18.9218	17.8225	16.3603	1
428	09 20 32.244	-77 17 46.49	0.53	83.64	3.65	3.11	99.9999	19.6654	18.8772	17.8802	1
429	09 20 32.394	-77 15 53.46	0.64	83.64	2.75	2.12	99.9999	18.7637	17.8772	16.8752	1
430	09 20 32.145	-77 17 56.67	1.02	2.31	0.97	-0.05	18.6639	16.9493	15.7004	14.2917	1
434	09 20 31.558	-77 18 19.44	0.41	3.19	2.82	2.42	19.5501	18.8550	18.1848	17.3049	1
437	09 20 28.996	-77 17 06.08	0.33	83.64	3.56	3.24	99.9999	19.6007	19.0080	17.8252	1
439	09 20 27.923	-77 16 58.64	0.71	3.55	2.70	1.99	19.9053	18.7062	17.7535	16.4565	1
445	09 20 26.323	-77 18 30.73	0.65	2.94	2.09	1.44	19.2943	18.0997	17.2024	16.1043	1
446	09 20 25.916	-77 16 06.93	0.95	2.39	1.29	0.34	18.7455	17.2754	16.0882	14.7024	1
447	09 20 25.082	-77 18 01.23	0.69	2.63	1.74	1.05	18.9913	17.7477	16.8102	15.6114	1
449	09 20 23.800	-77 16 53.26	0.15	2.87	2.00	1.84	19.2338	18.0516	17.6210	16.9862	1
457	09 20 19.655	-77 22 03.74	0.52	83.64	3.11	2.60	99.9999	19.1330	18.3609	17.1644	1
461	09 20 18.691	-77 16 12.80	0.83	3.49	2.84	2.02	19.8459	18.8404	17.7757	16.6377	1
462	09 20 18.482	-77 15 16.53	0.29	83.64	3.71	3.42	99.9999	19.7491	19.1923	18.1032	1
466	09 20 16.686	-77 15 56.90	0.92	2.57	1.30	0.38	18.9276	17.2886	16.1345	14.7900	1
474	09 20 13.577	-77 11 19.67	0.77	83.64	2.88	2.10	99.9999	18.8772	17.8628	16.5961	1
479	09 20 12.437	-77 12 37.04	0.31	83.64	2.13	1.82	99.9999	18.1666	17.5937	16.7129	1
483	09 20 09.043	-77 23 14.66	0.58	83.64	3.16	2.57	99.9999	19.1717	18.3352	17.1463	1
488	09 20 09.295	-77 12 05.51	0.57	2.57	2.05	1.48	18.9312	18.0662	17.2458	16.2007	1
489	09 20 08.380	-77 18 08.83	0.51	83.64	3.42	2.91	99.9999	19.4436	18.6777	17.7198	1
493	09 20 06.999	-77 16 09.24	0.58	3.03	2.35	1.76	19.3870	18.3637	17.5282	16.3353	1
503	09 20 02.840	-77 18 13.83	0.86	1.86	0.83	-0.03	18.2179	16.8229	15.7224	14.4037	1
506	09 20 02.709	-77 12 09.18	0.66	83.64	3.64	2.99	99.9999	19.6520	18.7475	17.6453	1
507	09 20 01.189	-77 22 55.66	0.68	83.64	2.81	2.13	99.9999	18.8168	17.8900	16.7933	1
510	09 20 00.582	-77 16 32.10	0.58	83.64	2.75	2.17	99.9999	18.7630	17.9301	16.8461	1
518	09 19 56.690	-77 24 16.77	0.77	83.64	2.76	1.99	99.9999	18.7601	17.7448	16.4188	1
522	09 19 57.194	-77 14 42.31	0.35	83.64	3.50	3.15	99.9999	19.5336	18.9195	17.8243	1
530	09 19 52.494	-77 17 17.75	0.68	83.64	2.99	2.31	99.9999	18.9981	18.0749	16.9130	1
545	09 19 45.434	-77 19 50.42	0.60	83.64	2.80	2.20	99.9999	18.8170	17.9635	16.8089	1
547	09 19 44.393	-77 23 12.38	0.71	3.27	2.57	1.86	19.6245	18.5730	17.6185	16.4985	1
553	09 19 42.068	-77 11 14.75	0.59	83.64	2.89	2.29	99.9999	18.9028	18.0574	16.8673	1
560	09 19 37.274	-77 14 26.22	0.77	2.98	2.14	1.36	19.3384	18.1361	17.1188	15.8027	1
563	09 19 35.965	-77 20 26.86	0.59	83.64	3.29	2.70	99.9999	19.3062	18.4653	17.2891	1
564	09 19 36.771	-77 13 08.10	0.60	83.64	2.86	2.27	99.9999	18.8792	18.0285	16.8393	1
569	09 19 33.239	-77 20 33.05	0.59	83.64	3.47	2.88	99.9999	19.4813	18.6412	17.5205	1
570	09 19 33.857	-77 13 34.21	0.15	2.47	1.33	1.18	18.8313	17.3823	16.9589	16.4420	1
580	09 19 25.995	-77 16 06.90	0.81	83.64	3.48	2.66	99.9999	19.4742	18.4196	17.2164	1
590	09 19 21.891	-77 17 44.92	0.51	83.64	3.58	3.07	99.9999	19.6031	18.8319	17.8748	1
592	09 19 19.133	-77 20 13.91	0.81	83.64	3.50	2.70	99.9999	19.4990	18.4524	17.1812	1
603	09 19 12.567	-77 16 07.37	0.77	83.64	2.52	1.75	99.9999	18.5235	17.5127	16.4529	1
604	09 19 11.443	-77 21 40.66	0.63	83.64	3.38	2.76	99.9999	19.3966	18.5190	17.3352	1
609	09 19 09.006	-77 22 03.80	0.53	83.64	3.27	2.74	99.9999	19.2948	18.5101	17.3519	1
615	09 19 01.994	-77 19 39.75	0.84	83.64	2.06	1.22	99.9999	18.0587	16.9791	15.6172	1
617	09 18 59.813	-77 22 31.96	0.76	83.64	3.06	2.31	99.9999	19.0645	18.0635	16.9722	1
619	09 19 00.464	-77 18 50.72	0.52	83.64	3.55	3.03	99.9999	19.5714	18.7930	17.5044	1
622	09 19 00.514	-77 14 27.82	0.66	83.64	2.69	2.03	99.9999	18.6975	17.7886	16.7259	1
623	09 18 58.533	-77 23 36.62	0.69	83.64	3.44	2.74	99.9999	19.4425	18.5023	17.4162	1
627	09 18 57.875	-77 19 32.20	0.66	83.64	3.04	2.38	99.9999	19.0535	18.1446	16.9810	1
632	09 18 56.170	-77 24 28.21	1.12	83.65	1.16	0.05	99.9999	17.1351	15.7953	14.2976	1
633	09 18 57.478	-77 16 45.38	0.61	83.64	3.26	2.65	99.9999	19.2771	18.4147	17.2738	1
634	09 18 56.600	-77 20 38.19	0.75	83.64	2.76	2.02	99.9999	18.7676	17.7782	16.5794	1
637	09 18 56.132	-77 19 54.01	0.63	83.64	3.40	2.77	99.9999	19.4103	18.5291	17.4540	1
639	09 18 55.667	-77 14 41.81	0.48	83.64	2.69	2.21	99.9999	18.7148	17.9789	16.9832	1
